1.319012
1.298426
1.269790
1.227347
1.241130
1.255346
1.249381
1.271200
1.272474
1.861086
2.172744
2.200025
2.208962
2.218873
2.123373
1.946674
1.918402
1.945254
1.967884
1.931051
1.840305
1.817446
1.758448
1.707975
1.508140
1.419790
1.316185
1.264309
1.114454
1.074671
1.091783
1.092175
1.120991
1.119086
1.227479
1.441096
2.886032
2.878924
2.852344
2.835005
3.072174
2.747631
2.719069
2.721395
2.774223
1.781159
1.440793
1.258048
1.165249
1.138940
1.125121
1.135523
1.096041
1.090758
1.080640
1.096289
1.084599
1.111581
1.117796
1.130474
1.117152
1.106285
1.095924
1.085970
1.045557
1.060449
1.072991
1.058429
1.051355
1.075213
1.057178
1.064185
1.083389
1.094377
1.093953
1.087956
1.106318
1.099493
1.102906
1.111247
1.135709
1.182204
1.182840
1.177769
1.172579
1.146887
1.063152
1.040626
1.048373
1.057089
1.055677
1.047675
1.077544
1.072093
1.057809
1.087327
1.086104
1.067839
1.069389
1.106089
1.092610
1.088432
1.092997
1.107689
1.076538
1.059570
1.062488
1.052986
1.039338
1.046465
1.052963
1.055000
1.070054
1.062997
1.056478
1.072211
1.098519
1.098825
1.125642
1.136775
1.121626
1.091309
1.096772
1.081816
1.080949
1.082602
1.083649
1.083573
1.090698
1.074775
1.085027
1.090787
1.082373
1.094116
1.127963
1.127379
1.116174
1.116384
1.087384
1.083039
1.069606
1.072219
1.088134
1.117572
1.129319
1.159070
1.220464
1.233981
1.270352
1.276815
1.278293
1.230147
1.221316
1.157399
1.120358
1.098471
1.096288
1.080609
1.086304
1.103252
1.088200
1.073657
1.069383
1.045164
1.043869
1.058056
1.066555
1.093736
1.117947
1.185290
1.281682
1.343996
1.357951
1.405551
1.431092
1.396805
1.359041
1.349682
1.319265
1.251713
1.254559
1.255291
1.253191
1.246152
1.230016
1.218733
1.192282
1.177827
1.119295
1.160436
1.166694
1.207193
1.214215
1.247215
1.261684
1.288970
1.448755
1.450635
1.507214
1.594810
1.707310
1.789783
1.876034
1.912650
1.895189
1.826883
1.852139
1.713515
1.568649
1.561161
1.535182
1.539602
1.706378
1.705479
1.674726
1.647095
1.618422
1.285290
1.137911
1.106955
1.074574
1.080825
1.137750
2.731854
3.030805
3.037994
3.038045
3.041117
2.749199
2.107244
2.162432
2.276969
2.265984
2.279555
2.201319
2.085934
1.742513
1.640188
1.327110
1.193816
1.172670
1.150360
1.138059
1.118417
1.129421
1.140202
1.158097
1.140198
1.139611
1.146513
1.146232
1.143889
1.157149
1.173794
1.170960
1.152602
1.145943
1.210032
1.228029
1.266387
1.274068
1.267270
1.204753
1.173326
1.146223
1.133203
1.153058
1.178975
1.186690
1.157669
1.155939
1.144360
1.113728
1.093145
1.080720
1.081457
1.050887
1.076090
1.089326
1.114789
1.116434
1.123013
1.111002
1.141243
1.143676
1.173925
1.173454
1.177942
1.150025
1.115710
1.079535
1.066852
1.043408
1.050466
1.051457
1.043621
1.063671
1.062560
1.053578
1.071737
1.098905
1.108664
1.145221
1.178746
1.231721
1.239761
1.250379
1.240523
1.217382
1.170098
1.138229
1.078291
1.068155
1.085503
1.085362
1.085735
1.118542
1.130159
1.138101
1.136356
1.117367
1.083962
1.070163
1.071531
1.056917
1.078002
1.094865
1.115183
1.140451
1.170335
1.205537
1.222487
1.262482
1.267953
1.280156
1.267194
1.263526
1.206162
1.163220
1.132828
1.113562
1.073323
1.058766
1.077469
1.052056
1.042335
1.060556
1.087711
1.095629
1.128722
1.126791
1.134556
1.137485
1.199524
1.183301
1.179538
1.172117
1.177464
1.097441
1.095224
1.121004
1.106475
1.088247
1.092548
1.082746
1.070577
1.094698
1.092668
1.090541
1.103611
1.105720
1.102447
1.093526
1.102008
1.097102
1.110590
1.100905
1.115705
1.106966
1.143753
1.142840
1.162088
1.185752
1.196409
1.149803
1.190976
1.193721
1.169449
1.157478
1.183063
1.147503
1.243600
1.305770
1.306671
1.372484
1.383651
1.381558
1.479675
1.629871
1.638393
1.671983
1.752504
1.917617
1.964581
2.062030
2.265246
2.275246
2.253177
2.279309
2.309979
2.195570
2.262993
2.388087
2.383153
2.338531
2.277766
2.147285
1.929428
1.609196
1.560148
1.527304
1.457812
1.350499
1.133549
1.210321
1.625813
1.665641
1.681214
2.268962
2.852431
2.945838
3.060994
3.105614
3.071069
2.811841
2.678644
2.342295
1.859448
1.735899
1.647504
1.443015
1.365767
1.301967
1.191068
1.132810
1.141286
1.123062
1.095020
1.093197
1.102878
1.090906
1.080182
1.093431
1.076260
1.079505
1.071090
1.074320
1.066010
1.074971
1.072784
1.089592
1.106113
1.095667
1.122279
1.137512
1.150552
1.159020
1.208048
1.195081
1.186928
1.176233
1.159857
1.098803
1.106035
1.103095
1.113905
1.113085
1.124894
1.120333
1.120444
1.112806
1.102414
1.080788
1.077209
1.086877
1.101084
1.153391
1.158477
1.157653
1.167348
1.170755
1.103474
1.108725
1.111155
1.074148
1.065615
1.114890
1.138926
1.137507
1.134285
1.123525
1.108154
1.094438
1.161889
1.196390
1.226087
1.213093
1.241217
1.206769
1.208234
1.179902
1.172465
1.165000
1.199727
1.172644
1.187184
1.200727
1.216391
1.206538
1.230302
1.241738
1.255897
1.242157
1.251858
1.238540
1.232058
1.201417
1.196212
1.162365
1.166101
1.147394
1.157095
1.146606
1.121713
1.127604
1.188105
1.170161
1.170516
1.191015
1.223556
1.237190
1.287118
1.336179
1.406878
1.403003
1.403746
1.413409
1.440750
1.410974
1.434329
1.428624
1.423069
1.375774
1.403956
1.415138
1.427533
1.483355
1.479549
1.446400
1.435140
1.424638
1.388144
1.411441
1.448148
1.494785
1.517658
1.527366
1.551526
1.525663
1.512371
1.503946
1.472443
1.427356
1.434451
1.403903
1.462970
1.556478
1.640100
1.761307
1.841644
1.868976
1.960670
1.993569
1.974810
1.980170
1.982748
1.867668
1.968942
2.062161
2.295237
2.594309
2.765505
2.813563
2.827794
2.791050
2.628510
2.291597
2.055636
1.692721
1.512903
1.304007
1.289124
1.248268
1.243013
1.218106
1.240781
1.258534
1.241272
1.207220
1.199907
1.159037
2.699933
3.532780
3.547246
3.620098
3.633674
3.574645
2.901768
2.852795
2.474771
2.295409
2.256982
2.107457
1.982459
2.224473
2.309102
2.269710
2.246372
2.350468
2.212002
2.166200
2.184470
2.168853
1.961013
1.892173
1.817007
1.722006
1.711316
1.757234
1.840417
1.926312
1.972342
1.942581
1.914511
1.906949
1.834888
1.864801
1.931394
1.995054
2.085686
2.101320
2.140283
2.209987
2.216165
2.241883
2.282969
2.245184
2.180357
2.151191
2.001404
1.982899
1.910299
1.875316
1.805029
1.856926
1.799504
1.805471
1.867762
1.920114
1.908128
1.897276
1.929031
1.908934
1.929687
1.907992
1.909157
1.871316
1.892039
1.942706
1.996713
1.983067
2.030292
2.036443
1.978404
1.927131
1.887398
1.834872
1.775983
1.714622
1.683434
1.696336
1.624316
1.597848
1.624534
1.636711
1.605513
1.613873
1.625230
1.573469
1.546217
1.565109
1.534282
1.499942
1.517859
1.505783
1.509272
1.580570
1.617496
1.573931
1.593453
1.596735
1.529122
1.490629
1.544167
1.520394
1.501433
1.500427
1.485912
1.410979
1.382257
1.367391
1.340994
1.366690
1.381085
1.386892
1.371424
1.426263
1.395963
1.404286
1.410485
1.402665
1.343361
1.362418
1.333639
1.349650
1.343962
1.344999
1.361308
1.371770
1.449107
1.491170
1.477886
1.459113
1.488209
1.406628
1.366394
1.374927
1.373786
1.354200
1.427485
1.398079
1.406374
1.394803
1.366911
1.312356
1.322262
1.348553
1.347185
1.364205
1.335854
1.323325
1.267617
1.293868
1.286195
1.287977
1.286094
1.301117
1.301012
1.285861
1.309681
1.349711
1.364071
1.341442
1.361694
1.355350
1.351920
1.343968
1.375930
1.428389
1.459786
1.445690
1.457276
1.460915
1.470312
1.450106
1.481672
1.497432
1.484194
1.437296
1.520362
1.550964
1.584449
1.576771
1.599116
1.531742
1.506228
1.451517
1.578310
1.583412
1.672227
1.687841
1.699994
1.670263
1.668254
1.614175
1.597230
1.616536
1.582805
1.591435
1.605606
1.660892
1.654301
1.673150
1.678633
1.672448
1.755202
1.796233
1.785573
1.782415
1.772013
1.679646
1.638758
1.674733
1.674175
1.666729
1.631956
1.581361
1.649964
1.738495
1.778319
1.796210
1.862892
1.880218
1.870695
1.874760
1.922428
1.885315
1.847048
1.853852
1.881637
1.808865
1.799130
1.763755
1.767723
1.776927
1.824769
1.909858
1.953280
1.940902
1.974732
2.010856
1.986949
1.972020
1.938240
1.935366
1.905483
1.855814
1.851217
1.939526
1.940456
1.994438
2.067328
2.100932
2.097908
2.090715
2.049813
2.033704
2.053473
2.042120
2.109761
2.231513
2.241002
2.251289
2.261918
2.213660
2.136729
2.120970
2.107039
2.126236
2.162160
2.146238
2.134205
2.205594
2.211239
2.240325
2.297055
2.346759
2.257609
2.345733
2.375247
2.438400
2.459444
2.494258
2.504212
2.476503
2.401820
2.403134
2.420102
2.346855
2.382498
2.421320
2.368441
2.442168
2.495937
2.492346
2.499197
2.558447
2.527844
2.461472
2.484259
2.454613
2.486293
2.485724
2.563064
2.578623
2.589677
2.518079
2.513989
2.443535
2.434324
2.476206
2.510535
2.550575
2.650382
2.695750
2.712303
2.714062
2.707163
2.792257
2.903918
2.884590
2.840065
2.857893
2.756503
2.593132
2.653532
2.775003
2.839879
2.868680
2.910665
2.957939
2.973141
2.970737
3.003697
2.973019
2.914241
2.883449
2.800609
2.819548
2.946610
3.016847
3.073412
3.165860
3.159349
3.179355
3.179355
3.189721
3.220642
3.221924
3.083048
3.037520
3.034411
2.976742
3.044319
3.075812
3.132438
3.132386
3.148257
3.156392
3.140212
3.116156
3.171121
3.208473
3.196360
3.276327
3.394733
3.393837
3.391530
3.409089
3.403916
3.330609
3.357976
3.317680
3.270238
3.186339
3.322920
3.379673
3.400347
3.503520
3.555836
3.436173
3.335053
3.354362
3.498066
3.478675
3.534523
3.549251
3.560546
3.532927
3.610917
3.624386
3.629406
3.601953
3.512445
3.520292
3.564560
3.592984
3.618394
3.679248
3.709314
3.676622
3.632634
3.652281
3.588478
3.508933
3.566423
3.545895
3.548006
3.513522
3.522217
3.463582
3.594683
3.743975
3.831694
3.918378
3.917168
3.854297
3.692568
3.648897
3.606405
3.608535
3.710568
3.773497
3.764355
3.739039
3.893967
3.782053
3.766046
3.801807
3.813785
3.620561
3.757920
3.837406
3.816033
3.840132
3.888820
3.837487
3.765461
3.800737
3.792764
3.777760
3.729399
3.661318
3.664721
3.641204
3.631906
3.676649
3.726269
3.687167
3.674025
3.740023
3.693633
3.659092
3.665591
3.809852
3.763174
3.940427
3.924314
3.925104
3.824736
3.847580
3.654464
3.728184
3.732998
3.731314
3.826129
3.909666
3.979336
3.989129
3.952367
3.950998
3.991688
3.971847
4.048208
4.130195
4.158925
4.178698
4.174979
4.059392
4.081195
3.988328
3.983125
4.011125
4.106705
4.083313
4.097015
3.939138
3.980963
4.051352
4.094172
4.105290
4.114245
3.999264
3.895580
3.857715
3.796675
3.785293
3.958071
4.052209
4.068954
4.111205
4.118744
4.039889
3.964753
3.967558
3.993044
4.052905
4.235655
4.333456
4.329471
4.416396
4.370266
4.338751
4.302821
4.325528
4.203560
4.243389
4.246173
4.170786
4.202683
4.183804
4.148206
4.090505
4.208238
4.073724
4.140689
4.173514
4.245274
4.188364
4.385018
4.561589
4.543883
4.555789
4.617730
4.586635
4.542011
4.549260
4.486448
4.392471
4.335730
4.265152
4.261345
4.284809
4.375596
4.362865
4.301421
4.357648
4.358383
4.421974
4.461334
4.494106
4.443573
4.560447
4.579433
4.646437
4.740145
4.804230
4.825358
4.713520
4.654216
4.592698
4.497991
4.388240
4.418668
4.458976
4.509117
4.509175
4.614908
4.614179
4.617858
4.605221
4.589004
4.583951
4.610638
4.592796
4.780887
4.815596
4.793164
4.663411
4.657743
4.387557
4.364100
4.389207
4.538755
4.568835
4.607343
4.651743
4.551337
4.427296
4.385291
4.390116
4.296423
4.284948
4.520360
4.537974
4.494376
4.487466
4.395450
4.117274
4.092601
4.149739
4.297351
4.403071
4.451573
4.597665
4.706874
4.688253
4.769845
4.827820
4.688209
4.615178
4.605385
4.482258
4.385212
4.434649
4.548915
4.594201
4.597312
4.590293
4.607626
4.522068
4.453059
4.418458
4.436877
4.376447
4.333623
4.234681
4.251160
4.320171
4.286771
4.208159
4.319793
4.248693
4.226748
4.207901
4.152647
4.120187
4.193062
4.080881
4.150512
4.173718
4.042941
3.901946
3.893392
3.886415
3.840842
3.925189
3.884471
3.780916
3.580143
3.522990
3.377398
3.333226
3.275857
3.306884
3.309345
3.297841
3.327239
3.489348
3.699391
3.724572
3.775098
3.871248
3.803197
3.631004
3.562635
3.441463
3.280743
3.230055
3.055036
2.943716
2.980853
2.896970
2.982220
3.062579
3.141731
3.107393
3.147441
2.951893
2.906078
2.941123
2.931969
3.147360
3.450587
3.633415
3.830838
3.950604
4.000087
3.936596
3.856084
3.716022
3.609214
3.592359
3.660691
3.719091
3.734251
3.886219
3.932122
3.996076
4.024299
4.012099
4.069420
4.049448
4.147487
4.222264
4.172024
4.215921
4.280672
4.160444
4.060506
4.133863
3.861690
3.657742
3.630095
3.557457
3.340087
3.365322
3.286965
3.136074
3.084063
3.022782
2.981106
3.086115
3.062167
2.996911
2.898277
2.808673
2.456925
2.191367
2.033108
1.975522
1.952794
1.929871
1.896852
1.761177
1.891163
1.857071
1.825618
1.830980
1.840411
1.755983
1.744266
1.713031
1.666055
1.582897
1.578030
1.525301
1.548140
1.514471
1.536071
1.576458
1.745758
1.834720
1.885331
1.929140
1.943851
1.876316
1.802200
1.710801
1.566692
1.457332
1.378598
1.407929
1.438519
1.434563
1.413873
1.360695
1.266022
1.245824
1.292556
1.318954
1.351257
1.350340
1.353850
1.297167
1.242936
1.204501
1.161473
1.144460
1.139426
1.176657
1.155399
1.153003
1.138225
1.138688
1.112928
1.106245
1.100401
1.103622
1.093460
1.068469
1.075815
1.085826
1.099790
1.082141
1.102335
1.070669
1.075019
1.074230
1.076109
1.056498
1.088015
1.080139
1.077141
1.083739
1.095218
1.072577
1.091484
1.079644
1.077102
1.082608
1.086730
1.063675
1.075607
1.083824
1.098422
1.106147
1.103158
1.105489
1.099367
1.107551
1.087106
1.107370
1.108509
1.106557
1.130441
1.138891
1.114556
1.105259
1.116393
1.080652
1.071265
1.092650
1.138060
1.135375
1.140522
1.162226
1.135421
1.097286
1.112005
1.105341
1.117975
1.141209
1.182282
1.204363
1.205622
1.211751
1.208696
1.195598
1.182186
1.183089
1.191515
1.226425
1.237363
1.245036
1.259883
1.336623
1.375205
1.437141
1.447060
1.468328
1.444753
1.417947
1.445968
1.500582
1.514058
1.504898
1.515720
1.535683
1.570142
1.552332
1.560831
1.560958
1.509746
1.443080
1.457098
1.507017
1.536580
1.566103
1.595755
1.599012
1.617978
1.625867
1.638103
1.631280
1.608063
1.775982
1.838570
1.857956
1.881924
1.896500
1.785680
1.699042
1.658532
1.609913
1.631474
1.672239
1.751176
1.798459
1.777506
1.774718
1.745445
1.668670
1.584745
1.703276
1.684454
1.735106
1.720412
1.704740
1.561813
1.598976
1.592722
1.713237
1.830171
1.862636
1.881563
1.896678
1.857308
1.802853
1.859873
1.921115
1.968619
2.021025
2.102830
2.132648
2.153494
2.217306
2.247316
2.310939
2.390805
2.363997
2.391860
2.490970
2.495956
2.539749
2.583058
2.548542
2.540145
2.504764
2.411624
2.453141
2.510656
2.660711
2.644957
2.633722
2.634427
2.647938
2.496004
2.513916
2.593064
2.551443
2.530066
2.550540
2.562761
2.474782
2.468019
2.447452
2.422717
2.418325
2.522392
2.613436
2.698530
2.719312
2.741753
2.718461
2.738567
2.681302
2.672458
2.634201
2.664059
2.573141
2.616740
2.629039
2.737587
2.723728
2.821258
2.842580
2.815282
2.715879
2.733126
2.701401
2.666220
2.739601
2.753229
2.837913
2.827538
2.822599
2.744831
2.822599
2.648275
2.654813
2.675954
2.739216
2.653835
2.677020
2.606845
2.598182
2.598983
2.627142
2.641982
2.646941
2.571349
2.470168
2.315937
2.404803
2.445287
2.514538
2.554307
2.648642
2.601843
2.651524
2.738670
2.908411
2.959167
3.047713
3.025874
2.984651
2.873806
2.783272
2.634531
2.707243
2.722473
2.809931
2.932891
3.083416
3.151511
3.316888
3.496893
3.736098
3.871121
3.997231
4.047912
4.002233
3.870962
3.717268
3.621834
3.536214
3.552154
3.726406
3.807408
3.988866
4.013273
4.102811
4.115605
4.108568
4.005759
4.041210
4.030820
4.054837
4.161667
4.146579
4.176467
4.189266
4.191979
4.141492
4.115520
4.031076
3.928693
3.836498
3.735810
3.683437
3.458182
3.222896
2.927989
2.755862
2.970747
3.032592
3.112506
3.140363
3.138503
2.933225
2.701025
2.361674
2.453728
2.420076
2.266468
2.218642
2.221007
2.161003
2.018931
1.975020
1.983182
1.974418
1.862023
1.814524
1.877181
1.902182
1.910818
1.874277
1.864689
1.733108
1.577177
1.537206
1.517764
1.514518
1.501118
1.575164
1.783466
1.806910
1.844543
1.839837
1.813342
1.575168
1.541047
1.397337
1.395360
1.414841
1.407800
1.351219
1.337367
1.292573
1.311760
1.313107
1.320652
1.351527
1.402070
1.485298
1.513160
1.525290
1.503487
1.481987
1.353942
1.277222
1.241638
1.229507
1.216925
1.211898
1.152464
1.130043
1.100993
1.104175
1.121881
1.122110
1.127008
1.141522
1.121161
1.082519
1.058928
1.060584
1.067857
1.095645
1.092022
1.088773
1.100162
1.109045
1.113397
1.120714
1.118904
1.104167
1.083337
1.078764
1.089332
1.101247
1.097525
1.092552
1.097629
1.084314
1.088294
1.083233
1.099519
1.093815
1.096051
1.078628
1.071172
1.048485
1.040412
1.057869
1.069228
1.063801
1.073782
1.063791
1.047978
1.056561
1.055656
1.075424
1.087665
1.126644
1.127295
1.149147
1.156542
1.169835
1.178929
1.184862
1.165191
1.167871
1.163036
1.151006
1.154828
1.169567
1.181222
1.166041
1.158366
1.175538
1.216777
1.207511
1.222187
1.285461
1.269598
1.231453
1.251974
1.236831
1.150373
1.172161
1.187584
1.315024
1.361549
1.419280
1.414936
1.427512
1.480792
1.487754
1.485350
1.503849
1.538566
1.496317
1.510756
1.559505
1.574220
1.688094
1.689198
1.724146
1.729886
1.732624
1.651045
1.664994
1.597676
1.558436
1.619921
1.624376
1.585611
1.644760
1.650786
1.593069
1.625370
1.642707
1.653141
1.665854
1.664952
1.656194
1.637172
1.584820
1.576096
1.554743
1.524746
1.627058
1.625774
1.657049
1.684778
1.695876
1.664330
1.646247
1.631096
1.605632
1.690949
1.664177
1.715551
1.735825
1.747619
1.687079
1.682424
1.635560
1.671670
1.710095
1.865894
1.913402
1.958921
2.022496
2.023712
1.979314
1.958512
2.184825
2.250861
2.334058
2.414051
2.437365
2.387804
2.362925
2.369171
2.430506
2.465155
2.490894
2.521458
2.535392
2.468084
2.488378
2.473885
2.435490
2.532163
2.534163
2.548304
2.574647
2.637314
2.649774
2.728703
2.776507
2.778663
2.739594
2.647564
2.514822
2.362959
2.303342
2.288341
2.281426
2.331222
2.446966
2.440421
2.481068
2.471140
2.531376
2.487550
2.598916
2.583927
2.691082
2.676398
2.836941
2.865900
2.884979
2.871055
2.907163
2.801842
2.762627
2.804244
2.764585
2.747077
2.664146
2.690921
2.611832
2.605885
2.579391
2.616972
2.502094
2.490142
2.458050
2.379791
2.370242
2.378609
2.294265
2.318768
2.378916
2.357732
2.472450
2.583475
2.709126
2.749769
2.720288
2.730546
2.728782
2.610497
2.520237
2.608687
2.586512
2.679723
2.805900
2.853650
2.876045
2.863547
2.840091
2.804137
2.946542
3.260423
3.493786
3.601912
3.745577
3.775342
3.762523
3.650697
3.616462
3.556021
3.609982
3.563440
3.580441
3.516490
3.490811
3.554251
3.746416
4.087013
4.231142
4.325655
4.373461
4.374031
4.400446
4.381888
4.298111
4.229878
4.212614
3.952340
3.873904
3.775095
3.733377
3.474396
3.379725
3.272839
3.182129
3.007825
2.908717
2.851619
2.863916
2.825465
2.914115
2.932599
2.832937
2.598544
2.482315
2.237509
2.108712
1.959408
1.948582
1.975680
1.906826
1.872899
1.927887
1.893406
1.811510
1.835336
1.844048
1.668624
1.599235
1.619654
1.673200
1.714338
1.805432
1.846891
1.826413
1.802673
1.810088
1.721793
1.683791
1.686389
1.659846
1.609512
1.607024
1.596233
1.510343
1.475679
1.464414
1.493837
1.429353
1.460326
1.470832
1.460127
1.387336
1.387549
1.386982
1.385139
1.354442
1.382649
1.393382
1.390541
1.389656
1.381542
1.360205
1.330367
1.297717
1.291327
1.280115
1.195908
1.170505
1.156897
1.130963
1.109100
1.119511
1.129645
1.109501
1.093983
1.097030
1.087484
1.060327
1.045563
1.052950
1.076710
1.075114
1.081266
1.084219
1.081896
1.054331
1.048639
1.030215
1.041646
1.063997
1.084582
1.104344
1.097739
1.089334
1.082639
1.088152
1.074657
1.072209
1.057503
1.050791
1.049559
1.065012
1.081379
1.094296
1.087564
1.073188
1.073199
1.046151
1.047942
1.057951
1.077153
1.089341
1.126072
1.122038
1.114736
1.111930
1.106635
1.092394
1.103264
1.114382
1.130233
1.130279
1.126040
1.112621
1.094899
1.070415
1.070217
1.075376
1.080954
1.097524
1.099602
1.086410
1.078425
1.067727
1.057152
1.077710
1.081696
1.079642
1.091577
1.105445
1.079022
1.061502
1.076249
1.061082
1.095125
1.174850
1.190678
1.184539
1.201656
1.200175
1.172658
1.239981
1.249162
1.266152
1.264169
1.279400
1.298070
1.312442
1.330910
1.350259
1.345196
1.327426
1.365563
1.411243
1.423910
1.447962
1.518563
1.523020
1.489783
1.497123
1.494404
1.454534
1.433346
1.489097
1.558831
1.676535
1.681524
1.687300
1.688790
1.659631
1.583158
1.588910
1.587807
1.585002
1.560097
1.511778
1.573614
1.626665
1.617088
1.659494
1.684221
1.633289
1.607234
1.609777
1.598491
1.591246
1.621091
1.610691
1.619845
1.604105
1.591714
1.602689
1.636248
1.635860
1.630705
1.671396
1.670069
1.706379
1.787160
1.873054
2.045559
2.145021
2.151430
2.122867
2.165878
2.095032
2.006348
2.074918
2.121779
2.107481
2.131880
2.151868
2.168968
2.173091
2.147254
2.141243
2.196918
2.172977
2.175958
2.194824
2.283111
2.321484
2.316684
2.373505
2.483971
2.493116
2.455743
2.535982
2.601465
2.614343
2.592431
2.649342
2.614324
2.531223
2.423681
2.473271
2.519067
2.565877
2.618496
2.617794
2.602687
2.550984
2.504206
2.496327
2.581638
2.582526
2.587533
2.556839
2.566110
2.586898
2.648485
2.687208
2.696438
2.725959
2.750629
2.791312
2.778926
2.802553
2.763257
2.682837
2.603532
2.568196
2.494234
2.646029
2.667189
2.668506
2.711575
2.704279
2.576741
2.600935
2.683356
2.798846
2.923165
2.956066
2.991977
2.957841
2.877608
2.862791
2.937660
2.937915
2.998353
3.017208
3.081921
2.974547
2.907509
2.821801
2.748992
2.663845
2.697360
2.686526
2.752093
2.764583
2.815436
2.915256
2.930495
2.958111
2.958667
2.839096
2.719970
2.693183
2.596910
2.573587
2.643957
2.619483
2.515730
2.488570
2.421329
2.373683
2.417409
2.544520
2.532346
2.677332
2.771192
2.861517
2.881509
2.910427
2.922100
2.959901
2.882396
2.864312
2.856269
2.716559
2.558588
2.590200
2.591090
2.563484
2.592532
2.613983
2.613287
2.567252
2.566034
2.685245
2.885342
3.075838
3.206294
3.494780
3.690603
3.873327
3.927341
4.009286
3.981846
3.893278
3.788154
3.771236
3.655382
3.563719
3.652502
3.588439
3.629112
3.666626
3.703338
3.707780
3.716385
3.585429
3.690717
3.824221
3.904789
3.953189
4.124475
4.152243
4.153754
4.162657
4.200283
4.165647
4.189770
4.214044
4.191631
4.224601
4.179989
4.055832
3.971765
3.927828
3.761949
3.624968
3.576751
3.394295
3.124303
2.987663
2.912977
2.823833
2.849320
2.884349
2.816110
2.763221
2.759369
2.455536
2.323166
2.298765
2.135199
2.118442
2.008267
1.949673
1.972653
2.056497
2.072865
2.046451
2.076429
2.034979
1.978450
1.918462
1.863646
1.785967
1.723270
1.635935
1.585604
1.639045
1.685199
1.720642
1.716649
1.764045
1.763782
1.709019
1.794599
1.859922
1.893719
1.898527
1.965994
2.013460
2.003428
1.938433
1.920090
1.838972
1.724592
1.667524
1.644374
1.612578
1.611271
1.519416
1.510931
1.486073
1.466083
1.512418
1.484120
1.475572
1.479446
1.471563
1.378882
1.369980
1.359512
1.335002
1.355397
1.381051
1.384878
1.395026
1.419847
1.443742
1.418635
1.411469
1.455513
1.544003
1.570830
1.628675
1.682935
1.680553
1.612957
1.586928
1.553922
1.489569
1.466401
1.484887
1.489460
1.554344
1.549242
1.556830
1.534867
1.515179
1.484637
1.465770
1.484227
1.555008
1.602086
1.562983
1.578307
1.561815
1.516900
1.494556
1.512308
1.493346
1.500225
1.475497
1.525843
1.522403
1.521694
1.508793
1.528884
1.451795
1.414091
1.412346
1.458195
1.431756
1.452092
1.496222
1.502608
1.480339
1.528015
1.577936
1.552845
1.568289
1.557543
1.512238
1.483782
1.508890
1.485637
1.499755
1.508534
1.448065
1.398852
1.373159
1.325327
1.308249
1.243498
1.248468
1.247074
1.240177
1.217593
1.263096
1.360463
1.423286
1.420666
1.509888
1.592059
1.608434
1.592406
1.604390
1.564227
1.482510
1.439880
1.484374
1.479993
1.440975
1.438379
1.433432
1.372407
1.409356
1.458300
1.532022
1.494880
1.485010
1.450210
1.429697
1.322713
1.365565
1.373944
1.346167
1.310882
1.291528
1.251522
1.217901
1.367599
1.571136
1.662460
1.685109
1.761022
1.742573
1.687166
1.633655
1.700567
1.648862
1.648843
1.618370
1.622201
1.550824
1.518478
1.495575
1.560054
1.568481
1.559275
1.566881
1.612032
1.611950
1.636226
1.623078
1.628867
1.575189
1.519916
1.437088
1.398414
1.331743
1.332392
1.306312
1.370032
1.406372
1.419848
1.484800
1.617734
1.771124
1.807848
1.832386
1.850369
1.813187
1.709975
1.666509
1.638450
1.563167
1.506855
1.486715
1.442462
1.409771
1.457207
1.517276
1.573825
1.578868
1.640356
1.637157
1.605066
1.562280
1.555711
1.424461
1.379991
1.356309
1.358940
1.305467
1.446194
1.486657
1.643845
1.752991
1.811093
1.838097
1.838631
1.838859
1.813038
1.809659
1.852887
1.901600
1.880386
1.874850
1.828146
1.778524
1.740414
1.712891
1.652712
1.744720
1.745980
1.744791
1.798555
1.799995
1.801284
1.825000
1.809306
1.809131
1.782412
1.679448
1.625818
1.635464
1.641063
1.747745
1.825763
1.834962
1.947021
1.983932
2.015006
2.043429
2.077707
2.043901
1.995336
1.973099
1.922161
1.871143
1.852875
1.894508
1.796570
1.794247
1.807271
1.781714
1.750879
1.851918
1.851980
1.835114
1.831305
1.834981
1.746486
1.728985
1.714619
1.771731
1.744751
1.745404
1.806108
1.881024
1.873827
1.941695
2.009993
2.022545
2.088340
2.127336
2.092425
2.050013
2.018202
1.927157
1.794095
1.835325
1.784054
1.750827
1.703043
1.692954
1.592613
1.603222
1.587295
1.600488
1.577983
1.634850
1.683076
1.702861
1.715386
1.761858
1.734018
1.810162
1.831135
1.834781
1.845145
1.892427
1.821768
1.932447
1.964524
2.008559
2.020411
2.122903
2.136459
2.119578
2.102058
2.087248
2.027273
1.951424
1.928340
1.922409
1.893722
1.751545
1.700359
1.785717
1.739518
1.764877
1.781907
1.832767
1.823561
1.827625
1.817462
1.793733
1.750407
1.709843
1.719750
1.723997
1.724589
1.730367
1.801177
1.817476
1.964893
2.037454
2.086955
2.081684
2.100810
2.060224
2.057807
2.051693
2.069932
2.053590
2.014477
1.947935
1.877507
1.797151
1.724204
1.708051
1.722656
1.747211
1.729568
1.738794
1.822364
1.804184
1.775637
1.805881
1.854966
1.743738
1.789680
1.788261
1.821402
1.820363
1.835053
1.842574
1.930143
2.049003
2.138895
2.173256
2.190453
2.192818
2.120701
2.025864
1.979111
1.924672
1.853017
1.817298
1.781980
1.731396
1.696481
1.671505
1.678967
1.687781
1.716707
1.734990
1.770396
1.758908
1.732431
1.696559
1.686321
1.609020
1.637694
1.625867
1.670944
1.666344
1.747575
1.843398
1.937307
1.980466
2.086988
2.129103
2.169983
2.162492
2.162885
2.097053
2.028089
1.919941
1.875204
1.795605
1.779835
1.775197
1.707441
1.751914
1.757069
1.817067
1.840799
1.878764
1.841257
1.850441
1.827649
1.820478
1.755931
1.746605
1.761982
1.694020
1.832168
1.877369
1.918188
1.919962
1.955912
1.927483
1.958632
1.988746
2.086613
2.099613
2.107903
2.084976
2.100843
1.986582
1.956362
1.908585
1.903317
1.781991
1.767133
1.722731
1.696079
1.661321
1.680595
1.681164
1.695389
1.686133
1.694851
1.718520
1.733321
1.717821
1.718282
1.698588
1.604433
1.608198
1.649687
1.716736
1.781694
1.797098
1.843764
1.888526
1.982395
2.061356
2.077170
2.089297
2.098609
2.056212
1.968175
1.944264
1.905682
1.827206
1.742876
1.696751
1.677621
1.642298
1.608761
1.652453
1.685239
1.748263
1.759403
1.783717
1.812413
1.836595
1.839473
1.837313
1.830528
1.757594
1.679375
1.689844
1.680096
1.673378
1.700147
1.718040
1.770257
1.815126
1.861083
1.945053
2.019590
2.035005
2.064610
2.127413
2.110420
2.050033
2.031143
2.004913
1.907667
1.848267
1.842396
1.781798
1.716719
1.701987
1.678472
1.658461
1.710092
1.741811
1.769435
1.760646
1.760232
1.742748
1.713343
1.705346
1.727384
1.724531
1.682630
1.681383
1.715924
1.744362
1.756016
1.828255
1.962696
2.080179
2.128430
2.128363
2.155401
2.133594
2.041348
1.996122
1.976900
1.888389
1.788564
1.740489
1.646304
1.641447
1.575967
1.590462
1.631010
1.704821
1.695816
1.715092
1.734787
1.773290
1.794804
1.853401
1.833996
1.811417
1.777562
1.722119
1.621308
1.636084
1.662590
1.638504
1.653554
1.677213
1.769230
1.796107
1.859523
1.903936
1.958435
2.015207
2.086787
2.102681
2.078992
2.045001
1.971757
1.921339
1.903033
1.887868
1.876575
1.799256
1.735819
1.642548
1.605983
1.596290
1.628224
1.646492
1.669454
1.672340
1.648933
1.637660
1.629000
1.565051
1.541095
1.547200
1.524252
1.522233
1.603890
1.634390
1.693654
1.788442
1.813428
1.843405
1.889927
1.901619
1.923647
1.972539
2.000926
1.993347
1.960053
1.931863
1.889933
1.818345
1.782185
1.806687
1.764927
1.704320
1.665530
1.648942
1.588458
1.609738
1.585397
1.598404
1.661108
1.769094
1.747376
1.804602
1.797667
1.765016
1.702684
1.720504
1.694276
1.714610
1.713210
1.664871
1.686954
1.701918
1.742991
1.778319
1.794248
1.775469
1.792709
1.827649
1.906382
1.934997
1.944970
1.931786
1.918314
1.839709
1.808858
1.816776
1.825005
1.789298
1.752202
1.733429
1.703266
1.704455
1.711448
1.716650
1.689511
1.678885
1.656338
1.625423
1.640736
1.625005
1.629581
1.626042
1.625598
1.592286
1.613078
1.591392
1.552845
1.516807
1.560396
1.572359
1.594773
1.624834
1.632071
1.665845
1.712179
1.730551
1.701582
1.681467
1.674770
1.650617
1.699062
1.723952
1.733130
1.703594
1.675261
1.552987
1.542835
1.556473
1.597316
1.581905
1.591404
1.562793
1.561715
1.561486
1.554639
1.582158
1.586965
1.549836
1.524320
1.506114
1.419810
1.414482
1.423879
1.413103
1.410039
1.439003
1.408729
1.415004
1.392121
1.426639
1.445763
1.452160
1.437109
1.492956
1.529295
1.506005
1.507721
1.540605
1.479663
1.436081
1.445426
1.427048
1.418435
1.413742
1.441320
1.425393
1.480551
1.439185
1.451650
1.433389
1.509652
1.521736
1.524797
1.504728
1.488916
1.422780
1.373993
1.382727
1.397830
1.391912
1.371486
1.333747
1.310512
1.310693
1.279277
1.247517
1.217136
1.257368
1.268564
1.283603
1.286741
1.289798
1.247267
1.186139
1.166138
1.180151
1.206327
1.189174
1.221817
1.226125
1.224474
1.185601
1.195185
1.198657
1.202528
1.211300
1.221080
1.218458
1.189549
1.192286
1.230174
1.224807
1.222683
1.225392
1.244557
1.174563
1.169673
1.183212
1.198897
1.180547
1.207018
1.236997
1.255786
1.254451
1.241325
1.236314
1.219839
1.201350
1.210145
1.217633
1.207649
1.225337
1.208228
1.190213
1.198373
1.228385
1.278650
1.295816
1.286224
1.266412
1.227839
1.172106
1.160057
1.211708
1.229172
1.272770
1.304332
1.284542
1.276119
1.303471
1.285738
1.248161
1.263145
1.256369
1.211137
1.262226
1.264366
1.272471
1.279343
1.306785
1.283697
1.280269
1.290233
1.270040
1.284372
1.268726
1.307003
1.339113
1.346622
1.345278
1.348257
1.398210
1.401826
1.403705
1.413029
1.457554
1.407962
1.451074
1.494219
1.534622
1.574412
1.588807
1.552791
1.516148
1.470887
1.399888
1.429731
1.456365
1.489636
1.568600
1.610288
1.667352
1.673405
1.673373
1.701881
1.738311
1.777037
1.826458
1.882913
1.880446
1.852757
1.799046
1.726928
1.716850
1.787187
1.928667
2.075587
2.319503
2.498724
2.619920
2.683092
2.710487
2.688384
2.585443
2.503393
2.273555
2.101425
1.790195
1.491527
1.381124
1.481422
1.445729
1.452430
1.441185
1.402061
1.194808
1.138849
1.133384
1.167539
1.433003
2.860724
2.845428
2.795969
2.783380
2.670887
2.453030
2.673741
2.695933
2.698836
2.691634
2.434127
1.963555
1.813815
1.771346
1.752326
1.732382
1.709960
1.619797
1.502286
1.521793
1.454847
1.408720
1.391268
1.344246
1.115996
1.124086
1.140720
1.135472
1.124689
1.120086
1.192896
1.237379
1.303931
1.336110
1.372731
1.355265
1.330802
1.294027
1.308343
1.293515
1.311975
1.324047
1.337273
1.296885
1.252347
1.177737
1.181470
1.100434
1.071441
1.056281
1.064891
1.041778
1.031366
1.066132
1.060547
1.085019
1.114392
1.139039
1.145608
1.158074
1.155342
1.144465
1.142769
1.126615
1.132280
1.109502
1.133613
1.110682
1.113401
1.093562
1.109254
1.082025
1.092914
1.105785
1.124182
1.137260
1.139848
1.142420
1.152863
1.161078
1.179176
1.194461
1.199450
1.183891
1.165037
1.114247
1.097252
1.083321
1.080525
1.083926
1.082656
1.053480
1.060693
1.104627
1.108043
1.120373
1.128609
1.121625
1.102553
1.126406
1.121826
1.114645
1.127006
1.127563
1.115042
1.128320
1.155585
1.144761
1.126095
1.127516
1.109439
1.087229
1.108435
1.161797
1.170821
1.210409
1.223671
1.233291
1.270148
1.306440
1.299193
1.298562
1.300713
1.248871
1.194818
1.147789
1.129006
1.130854
1.131493
1.131564
1.171437
1.187755
1.225400
1.288635
1.344407
1.402472
1.452298
1.541947
1.571458
1.632744
1.675717
1.698269
1.778791
1.985028
2.399285
2.626676
2.651414
2.661775
2.643205
2.455557
2.077462
1.881918
1.716102
1.706712
1.680696
1.625360
1.592928
1.557698
1.625139
1.703939
1.698805
1.667316
1.667792
1.454854
1.150070
1.110599
1.105138
1.129799
1.839838
3.369368
3.351554
3.754426
3.771232
3.774818
3.396299
3.412333
2.511822
2.135921
1.726473
1.532389
1.449076
1.576937
1.564141
1.532668
1.490029
1.479782
1.208252
1.152193
1.138163
1.143710
1.132136
1.137246
1.129698
1.161761
1.203677
1.235601
1.242702
1.241008
1.225341
1.202952
1.150309
1.121810
1.100734
1.113139
1.102286
1.111665
1.132293
1.146651
1.155867
1.157541
1.165837
1.147997
1.138624
1.120624
1.122215
1.105637
1.094789
1.074439
1.070795
1.061463
1.060112
1.051858
1.060460
1.046579
1.037117
1.039847
1.056403
1.088420
1.104458
1.097279
1.094843
1.113139
1.093522
1.082704
1.101125
1.095083
1.072744
1.077031
1.070341
1.066535
1.083346
1.081904
1.070732
1.087317
1.089331
1.063389
1.052670
1.040296
1.017653
1.002387
1.025211
1.056135
1.069982
1.101831
1.130767
1.120037
1.131602
1.115618
1.110449
1.077349
1.094014
1.073566
1.076879
1.061279
1.093317
1.093274
1.102393
1.122377
1.113444
1.104099
1.104398
1.100478
1.094230
1.114963
1.110751
1.082557
1.072088
1.067961
1.071975
1.099923
1.123567
1.117526
1.130228
1.119440
1.106780
1.089201
1.092406
1.091341
1.088338
1.083159
1.100037
1.113061
1.107384
1.112891
1.105150
1.101528
1.095516
1.076296
1.060238
1.156139
1.211429
1.281736
1.328036
1.330035
1.311247
1.291047
1.250745
1.283910
1.333596
1.343297
1.383516
1.397535
1.411936
1.507700
1.969964
2.054989
2.122131
2.153359
2.303851
2.346515
2.343000
2.322441
2.304985
2.077915
1.841704
1.621386
1.511237
1.474358
1.342523
1.298198
1.289184
1.266452
1.131875
1.321235
1.334584
2.020946
3.473977
3.508205
3.421658
3.420341
3.413837
2.698682
2.595346
2.273384
1.984406
1.912692
1.863178
1.807273
1.779678
1.769632
1.683736
1.650927
1.584997
1.280058
1.093862
1.068345
1.055478
1.068375
1.067245
1.076193
1.080944
1.101161
1.112413
1.120784
1.122223
1.119165
1.091978
1.078144
1.061582
1.079014
1.076341
1.094713
1.074781
1.102172
1.094545
1.110282
1.121429
1.148590
1.132656
1.101563
1.089450
1.062228
1.062363
1.065617
1.076865
1.071604
1.083929
1.053455
1.046597
1.056532
1.070876
1.062470
1.071330
1.078342
1.079773
1.072127
1.095355
1.114200
1.094021
1.084884
1.068412
1.060286
1.046910
1.050926
1.062331
1.078533
1.058427
1.066737
1.082335
1.086785
1.078477
1.088237
1.093838
1.083345
1.084867
1.097139
1.087615
1.080581
1.079753
1.072573
1.062907
1.051446
1.050390
1.034852
1.024926
1.023517
1.029625
1.032478
1.087693
1.104945
1.114631
1.123362
1.123675
1.059334
1.026813
1.023296
1.044241
1.046719
1.065239
1.079839
1.096115
1.094572
1.106807
1.092285
1.116638
1.105781
1.090095
1.094204
1.117477
1.100783
1.103653
1.105476
1.101820
1.087899
1.073956
1.072382
1.454404
1.627664
1.648344
1.655440
1.655399
1.435837
1.304368
1.198886
1.154402
1.101218
1.116705
1.140519
1.152966
1.280611
1.322702
1.365007
1.456068
1.465279
2.102075
2.154224
2.184838
2.192319
2.189121
1.867294
1.846695
1.796017
1.735610
1.741444
1.758541
1.675175
2.003646
2.260523
2.333787
2.344581
2.342648
2.239867
1.996484
1.600449
1.524939
1.548070
1.544853
1.575658
1.566249
1.630457
1.723595
1.843848
1.833077
1.833990
1.798150
1.724342
1.497632
1.516596
1.502488
1.484414
1.515937
2.407369
2.465612
2.531162
2.518935
2.529728
2.189989
2.039401
1.660400
1.732112
1.760354
2.244628
2.260047
2.280988
2.275363
2.263488
1.825657
1.723701
1.518041
1.400873
3.330206
3.345049
3.360664
3.361133
3.361028
2.562196
2.074564
1.548051
1.479194
1.439372
1.277960
1.236000
1.143725
1.113458
1.129187
1.175205
1.184451
1.213834
1.232278
1.225405
1.157689
1.154168
1.158411
1.107975
1.088868
1.082826
1.084472
1.086946
1.118441
1.129900
1.161221
1.158964
1.160684
1.139317
1.124840
1.107783
1.108628
1.079144
1.090532
1.094162
1.076857
1.073395
1.080497
1.070017
1.076996
1.096742
1.086196
1.082829
1.079901
1.068499
1.059718
1.066079
1.057396
1.056351
1.046038
1.026300
1.027226
1.036895
1.049193
1.068028
1.074430
1.071982
1.071563
1.079757
1.073677
1.084110
1.109614
1.115390
1.089932
1.073834
1.075067
1.054145
1.047352
1.049893
1.071391
1.078850
1.090671
1.103316
1.108041
1.104045
1.094269
1.074139
1.055374
1.072651
1.078874
1.060571
1.072615
1.093294
1.073629
1.069314
1.080233
1.083531
1.073647
1.063083
1.052778
1.057862
1.058765
1.045243
1.050489
1.050528
1.040042
1.035407
1.076053
1.070986
1.072120
1.098584
1.097204
1.070610
1.091108
1.101727
1.072397
1.067860
1.071367
1.057253
1.066026
1.096757
1.122204
1.102361
1.096805
1.081086
1.077949
1.059158
1.089005
1.110729
1.119318
1.135562
1.154334
1.154825
1.160937
1.167094
1.160701
1.151832
1.160020
1.149843
1.149227
1.142624
1.133096
1.115029
1.097808
1.118688
1.131591
1.208180
1.241114
1.376748
1.466422
1.596754
1.677905
1.713357
1.769443
2.206800
2.387834
2.499747
2.509867
2.508307
2.390429
2.224509
1.909502
1.899047
1.899568
1.809581
1.770996
1.781424
1.799061
1.807540
1.924106
2.010414
2.812287
2.830978
2.938923
2.923941
2.921472
2.419650
2.335803
1.765691
1.524331
1.456026
1.389641
1.379119
1.379512
1.369054
1.316675
1.277698
1.265143
1.267114
1.247227
1.200009
1.180175
1.136383
1.125622
1.090702
1.079103
1.078733
1.086475
1.075645
1.068355
1.074626
1.087970
1.080109
1.093495
1.095949
1.093802
1.079984
1.061578
1.050980
1.053799
1.073204
1.117564
1.143732
1.133670
1.114833
1.114195
1.072914
1.061449
1.064253
1.082243
1.069199
1.051750
1.063024
1.066405
1.080195
1.115230
1.116076
1.117082
1.103464
1.091105
1.059390
1.074039
1.073225
1.083965
1.083923
1.093942
1.085947
1.081599
1.068732
1.059487
1.042238
1.038970
1.046956
1.064383
1.085765
1.083858
1.100375
1.099843
1.075469
1.073304
1.084546
1.074942
1.076038
1.096006
1.095966
1.095405
1.113646
1.129265
1.137363
1.118592
1.104547
1.093159
1.091689
1.068555
1.070835
1.101148
1.116352
1.101713
1.124667
1.117924
1.099346
1.059369
1.039818
1.049867
1.043971
1.048220
1.069932
1.088002
1.082120
1.107788
1.105557
1.092127
1.091102
1.063282
1.044512
1.052731
1.087128
1.084494
1.101357
1.116854
1.115574
1.092461
1.107538
1.122786
1.112515
1.086257
1.089469
1.081821
1.083592
1.092469
1.099129
1.108250
1.101880
1.113618
1.109445
1.125044
1.118487
1.156152
1.178181
1.202952
1.205448
1.189563
1.157741
1.113834
1.114385
1.136230
1.214359
1.268956
1.490460
1.601113
1.649526
1.659088
1.805166
1.805134
1.755040
1.752879
1.783210
1.711457
1.727517
1.759641
1.764762
1.811332
1.822249
2.162430
2.220773
2.209848
2.218869
2.212427
1.961622
1.778411
1.757507
1.362523
1.271329
1.241039
1.210902
1.215361
1.700865
1.703440
1.701677
1.701526
1.884966
2.107685
3.154525
3.211360
3.194728
3.166401
3.157297
2.653311
2.340952
1.976864
1.995924
1.970724
1.936081
1.855536
1.798973
1.668642
1.434776
1.296227
1.267515
1.184659
1.144173
1.122983
1.102888
1.116574
1.095169
1.107156
1.103531
1.118100
1.120052
1.122968
1.123418
1.122916
1.100846
1.999271
2.175039
2.257108
2.267666
2.268731
2.111311
1.847676
1.402446
1.180210
1.146832
1.114316
1.109361
1.118800
1.115249
1.120946
1.120357
1.128667
1.113483
1.108797
1.074760
1.066680
1.059155
1.089180
1.103599
1.121623
1.131358
1.130481
1.111074
1.122544
1.108289
1.090821
1.084042
1.081449
1.052269
1.071887
1.086988
1.080827
1.090429
1.089853
1.085575
1.064109
1.080671
1.076504
1.087702
1.109205
1.145756
1.172107
1.158411
1.150332
1.134722
1.116717
1.071767
1.095625
1.099920
1.109599
1.098362
1.117017
1.090135
1.340832
1.520677
1.537112
1.542396
1.543329
1.448297
1.233765
1.150265
1.085768
1.063754
1.073332
1.066518
1.079683
1.109333
1.137047
1.113502
1.124647
1.115698
1.122213
1.102369
1.109703
1.092098
1.071417
1.058937
1.093322
1.107765
1.096397
1.106006
1.104111
1.100403
1.094391
1.111511
1.110574
1.089215
1.082498
1.076261
1.075664
1.065630
1.069439
1.065841
1.051938
1.043183
1.072163
1.088605
1.096628
1.088625
1.095731
1.078642
1.071384
1.058694
1.106087
1.084843
1.113230
1.100856
1.112809
1.097795
1.109397
1.152926
1.260146
1.292364
1.302533
1.340125
1.342466
1.349039
2.395024
2.852099
2.870470
2.872546
2.873930
2.745768
1.952795
1.568276
1.531930
1.551812
1.547671
1.556055
1.624530
2.158541
2.238144
2.251282
2.291421
2.290293
2.085755
1.907691
1.891020
1.701879
1.648794
1.445105
1.382832
1.258743
1.274072
1.274273
1.898091
1.976344
2.239933
2.796911
2.911374
2.679129
2.699971
2.681157
2.337962
2.069127
2.034365
1.793031
1.522654
1.431938
1.309248
1.196622
1.191541
1.206424
1.159157
1.165504
1.208072
1.183051
1.147641
1.133592
1.107299
1.051901
1.063519
1.091406
1.099798
1.118808
1.122353
1.095031
1.099207
1.110099
1.104905
1.098000
1.098575
1.068795
1.051761
1.050655
1.070243
1.080640
1.074131
1.069271
1.111455
1.101335
1.110186
1.121187
1.114640
1.098519
1.103564
1.083941
1.083349
1.093558
1.066127
1.061139
1.084828
1.095017
1.096256
1.109047
1.112550
1.093214
1.099212
1.093362
1.097499
1.106687
1.118878
1.113040
1.100480
1.100382
1.095657
1.081929
1.060034
1.056087
1.060409
1.058677
1.059164
1.076981
1.095865
1.096397
1.070427
1.070451
1.053850
1.035621
1.002870
1.023260
1.012710
1.002615
1.006185
1.016410
1.018005
1.043253
1.048802
1.056160
1.057573
1.039786
1.026544
1.027048
1.006675
0.988675
1.009738
1.011418
1.030348
1.057495
1.083908
1.077847
1.101818
1.096071
1.086163
1.078344
1.103426
1.090069
1.094342
1.092824
1.082891
1.054473
1.038384
1.028154
1.030666
1.044587
1.063983
1.076459
1.089927
1.119752
1.125695
1.104755
1.098683
1.105437
1.086741
1.078751
1.100168
1.104199
1.079551
1.061314
1.056261
1.052051
1.058117
1.057092
1.084846
1.097307
1.074881
1.063350
1.092841
1.087731
1.090079
1.096321
1.081579
1.063814
1.059485
1.054289
1.042764
1.082500
1.080577
1.065149
1.113254
1.127416
1.118293
1.123230
1.127722
1.089479
1.073196
1.084484
1.086841
1.099573
1.099647
1.103783
1.112587
1.110165
1.102337
1.137694
1.224714
1.370223
1.560415
1.618080
1.681863
1.866006
1.981178
2.144337
2.268440
2.267889
2.223882
2.173419
1.986295
1.588093
1.494769
1.558427
1.580761
1.599210
1.605380
1.652176
1.885197
1.961962
1.992384
2.072841
2.353537
2.324710
2.348287
2.336899
2.394467
1.990907
1.877567
1.516173
1.227143
1.183486
1.234223
1.356944
1.425440
1.452601
1.496845
1.766451
2.574438
2.738610
2.769695
2.787097
2.856741
2.665514
2.457435
2.454099
2.296620
1.922626
1.895126
1.883945
1.742428
1.581604
1.404253
1.323739
1.278235
1.226699
1.183362
1.158252
1.143543
1.124884
1.115441
1.122159
1.116259
1.109358
1.105584
1.103195
1.071957
1.056690
1.051699
1.055688
1.052594
1.059268
1.060720
1.057132
1.036887
1.043054
1.035796
1.070287
1.079722
1.102872
1.126250
1.142640
1.123344
1.104495
1.104995
1.080543
1.081916
1.067323
1.071735
1.046816
1.065556
1.073872
1.071469
1.088220
1.085501
1.079249
1.073962
1.097533
1.072556
1.094638
1.104653
1.105233
1.097226
1.114972
1.123044
1.102089
1.100307
1.091348
1.104268
1.077742
1.084814
1.105993
1.117223
1.111903
1.115437
1.115580
1.105638
1.101759
1.102513
1.098401
1.093510
1.081177
1.088924
1.093766
1.114906
1.142459
1.146026
1.124850
1.121379
1.097569
1.080298
1.095761
1.096062
1.101518
1.114880
1.096213
1.094108
1.079252
1.073355
1.080727
1.107156
1.101778
1.119377
1.121847
1.110898
1.109817
1.113272
1.103942
1.097028
1.098407
1.081293
1.090543
1.104443
1.107448
1.096597
1.083698
1.058831
1.043575
1.032435
1.046546
1.063137
1.077777
1.066331
1.054805
1.048207
1.052122
1.052185
1.062068
1.099718
1.102451
1.131971
1.113216
1.118624
1.115610
1.145880
1.093322
1.106661
1.116980
1.089769
1.074760
1.093498
1.168283
1.191857
1.218990
1.248106
1.317134
1.363422
1.365988
1.351609
1.446900
2.040481
2.283908
2.343975
2.355332
2.352409
2.259388
1.929201
1.574750
1.402386
1.402317
1.483550
1.453328
1.623358
1.598074
1.758490
1.798063
1.839130
1.847056
1.873434
1.757845
1.930437
2.221685
2.227777
2.240405
2.288949
2.206457
1.566121
1.391702
1.179072
1.169293
1.114310
1.124786
1.112381
1.115172
1.110270
1.099056
1.203390
3.337587
3.279662
3.241735
3.222018
3.224139
2.182058
2.038628
1.795544
1.719117
1.571821
1.573562
1.588398
1.134697
1.074469
1.077324
1.071236
1.070655
1.086964
1.084029
1.067581
1.089002
1.082494
1.056963
1.055838
1.084362
1.064182
1.091582
1.095854
1.101800
1.082447
1.076499
1.077148
1.084460
1.088784
1.086932
1.093371
1.090763
1.086599
1.072940
1.075237
1.072546
1.058340
1.049956
1.052701
1.049205
1.042575
1.043980
1.061368
1.053418
1.081336
1.091909
1.085709
1.121599
1.144429
1.140854
1.151623
1.170283
1.142260
1.140405
1.117881
1.125736
1.116657
1.111126
1.097486
1.099946
1.081014
1.082319
1.076888
1.074565
1.076014
1.052814
1.064131
1.070386
1.059259
1.069201
1.077243
1.054754
1.047381
1.072689
1.088504
1.092539
1.096110
1.113988
1.109230
1.095212
1.088768
1.097524
1.096383
1.082003
1.079708
1.074568
1.055488
1.052599
1.061521
1.079376
1.094952
1.121580
1.128589
1.148806
1.115979
1.105254
1.091122
1.068469
1.038441
1.038580
1.057945
1.049999
1.073993
1.086515
1.103499
1.090807
1.089668
1.055039
1.031953
1.030628
0.998929
0.997929
1.015108
1.038200
1.039255
1.104544
1.116588
1.136830
1.162836
1.193279
1.179918
1.186289
1.174697
1.154330
1.106433
1.088152
1.098637
1.097292
1.087644
1.101016
1.093299
1.074508
1.069297
1.066191
1.047037
1.072726
1.090698
1.108764
1.151479
1.163826
1.158746
1.162391
1.161072
1.130495
1.091868
1.096685
1.073918
1.047249
1.024833
1.056215
1.077201
1.072363
1.076725
1.078903
1.074035
1.049644
1.054776
1.077767
1.105918
1.138340
1.139823
1.133845
1.142428
1.181629
1.213361
1.261593
1.327661
1.399298
1.406415
1.473933
1.480775
1.553364
1.976405
2.229744
2.303805
2.417936
2.450489
2.404712
2.310885
2.263399
2.178538
2.170617
2.172082
2.163192
2.091145
1.971755
1.780716
1.616551
1.543523
1.506119
1.355298
1.328803
1.456084
1.819127
2.078904
2.117069
2.166854
2.211326
2.184290
2.120922
2.426192
2.412492
2.384301
2.345304
2.395481
1.494149
1.484628
2.265951
2.633471
2.714768
2.736432
2.752761
2.647052
2.308300
2.078143
1.840991
1.413086
1.308062
1.176277
1.151369
1.146850
1.184238
1.182018
1.195205
1.199419
1.211691
1.289953
1.368117
1.449362
1.453218
1.446401
1.445737
1.396841
1.179304
1.155104
1.141088
1.132080
1.101147
1.074458
1.072971
1.080302
1.078316
1.086332
1.114896
1.125955
1.146215
1.154453
1.157818
1.150302
1.223655
1.202684
1.195194
1.207449
1.197798
1.125652
1.108456
1.097861
1.096917
1.110304
1.103272
1.123779
1.153264
1.130885
1.120677
1.116781
1.120391
1.081004
1.096487
1.091291
1.108386
1.122548
1.162460
1.144985
1.143435
1.140552
1.132371
1.099606
1.091267
1.098375
1.090278
1.088452
1.094089
1.108536
1.098840
1.112050
1.083011
1.097455
1.105048
1.124196
1.103287
1.102832
1.090245
1.069117
1.052974
1.081149
1.103659
1.124211
1.145222
1.133682
1.109565
1.101875
1.074445
1.069466
1.078940
1.061221
1.063312
1.080399
1.073034
1.059099
1.094770
1.088049
1.085510
1.084986
1.078902
1.100211
1.087885
1.087721
1.107049
1.109732
1.078159
1.099547
1.094402
1.066035
1.074287
1.075205
1.060108
1.067268
1.077522
1.103391
1.184522
1.202654
1.214218
1.203786
1.195801
1.120493
1.120747
1.098765
1.158638
1.148025
1.147701
1.123703
1.129517
1.064513
1.072654
1.139811
1.182460
1.218356
1.305521
1.350793
1.368880
1.383147
1.442015
1.693387
2.094405
2.256969
2.305409
2.330750
2.354218
2.249293
2.046583
1.974390
1.875390
1.719813
1.696758
1.662288
1.668267
1.779151
1.834740
1.889944
1.852456
1.758866
1.615510
1.514380
1.395592
1.336566
1.372116
1.279126
1.111101
1.080222
1.087696
1.085661
1.777962
3.086323
3.275105
3.222431
3.227142
3.227943
2.802119
1.987150
1.840204
1.617599
1.512549
1.491416
1.510634
1.526039
1.524527
1.344712
1.342813
1.303523
1.209994
1.141529
1.093616
1.112909
1.110486
1.101420
1.096034
1.106459
1.087135
1.078434
1.092899
1.106601
1.090982
1.121723
1.137999
1.121007
1.110214
1.100573
1.077343
1.054622
1.067184
1.065806
1.091011
1.089114
1.114744
1.104726
1.140236
1.122932
1.129368
1.108411
1.108525
1.095418
1.128273
1.127240
1.130044
1.132061
1.107369
1.091502
1.067293
1.045291
1.066746
1.063034
1.075910
1.051741
1.069197
1.044367
1.059421
1.029422
1.082283
1.086683
1.107068
1.107768
1.121145
1.113865
1.112711
1.096380
1.085973
1.070812
1.042737
1.028252
1.019197
1.042542
1.061123
1.076131
1.076001
1.101703
1.095234
1.103169
1.128038
1.157505
1.159547
1.161392
1.165367
1.170868
1.157006
1.165750
1.160048
1.141574
1.110602
1.103711
1.064819
1.060605
1.056434
1.063345
1.050825
1.050310
1.051696
1.049645
1.055002
1.082348
1.073410
1.067035
1.079536
1.066910
1.042444
1.053834
1.062582
1.060591
1.058339
1.083838
1.083779
1.101890
1.080193
1.100882
1.101597
1.114112
1.135758
1.176335
1.248403
1.268462
1.258779
1.280067
1.296965
1.216791
1.192281
1.187023
1.107714
1.022498
1.050278
1.046865
1.072007
1.088878
1.079851
1.060197
1.095891
1.090501
1.089884
1.085632
1.087220
1.072305
1.084912
1.115547
1.120373
1.130246
1.165059
1.157116
1.140722
1.156314
1.145845
1.098713
1.107489
1.108551
1.091550
1.104924
1.100759
1.082045
1.062891
1.037147
1.076999
1.122862
1.138502
1.201237
1.278493
1.397315
1.445146
1.505453
1.591400
1.679122
1.656824
1.856974
2.061142
2.109695
2.143503
2.193759
2.169577
2.090300
2.134288
2.095809
1.995530
1.946429
1.836537
1.908831
1.898931
1.883566
1.863402
1.831466
1.623079
1.454459
1.415301
1.536866
1.600958
1.589104
1.608643
1.595765
1.412416
1.298194
1.317983
2.100901
2.267939
2.334693
2.366736
2.537556
2.486243
2.395648
2.433018
2.640730
2.519187
2.482015
2.464349
2.395735
1.679162
1.560396
1.453740
1.452600
1.470585
1.477726
1.494412
1.431800
1.362580
1.292181
1.244053
1.206133
1.169777
1.142325
1.133026
1.150303
1.150057
1.192687
1.215355
1.205068
1.242589
1.241251
1.259124
1.256165
1.246576
1.206722
1.195980
1.155158
1.115236
1.129426
1.146307
1.171178
1.154435
1.150168
1.139214
1.119637
1.123189
1.127705
1.138613
1.161667
1.172325
1.158902
1.166604
1.153371
1.157633
1.146529
1.126851
1.097849
1.106413
1.057109
1.100538
1.096477
1.090998
1.071913
1.093125
1.079152
1.079953
1.085798
1.104961
1.122808
1.105725
1.147576
1.205554
1.272495
1.298037
1.312147
1.311714
1.311265
1.265843
1.233442
1.222827
1.240831
1.228733
1.237965
1.235636
1.253577
1.190621
1.144913
1.117843
1.084200
1.067101
1.103359
1.104539
1.108030
1.132747
1.131343
1.120556
1.123972
1.143290
1.157037
1.198867
1.230692
1.224155
1.232176
1.219280
1.233274
1.232242
1.251104
1.249479
1.262979
1.231658
1.183760
1.186363
1.132007
1.145866
1.136597
1.166281
1.149637
1.161777
1.138849
1.139395
1.137385
1.148569
1.130439
1.126209
1.138463
1.131074
1.199623
1.274588
1.297553
1.302626
1.314306
1.293979
1.230328
1.191682
1.184099
1.120186
1.094667
1.095020
1.097425
1.069617
1.080779
1.079444
1.085908
1.158196
1.245889
1.274606
1.348677
1.453223
1.471252
1.461238
1.483805
1.488753
1.562386
1.699243
1.729536
1.772949
1.796721
2.186641
2.311005
2.297098
2.307538
2.343139
2.160823
2.011108
1.999863
1.950114
1.779072
1.612509
1.557498
1.557583
1.606236
1.678636
1.791198
1.833696
1.935350
2.026413
2.061507
2.037774
2.049354
2.001612
1.874049
1.732536
1.573451
1.364507
1.224584
1.191423
1.178400
1.181032
1.168813
1.164948
1.447640
2.487133
2.733439
2.762168
2.760671
2.775104
2.525935
1.913735
1.499272
1.300981
1.282865
1.294751
1.339286
1.332174
1.337724
1.328618
1.344200
1.309013
1.322861
1.326868
1.334230
1.234528
1.227405
1.181017
1.146620
1.122030
1.085482
1.071951
1.083962
1.069646
1.070790
1.066095
1.080662
1.062260
1.099333
1.094904
1.122157
1.103135
1.131439
1.112558
1.119486
1.141362
1.161801
1.166183
1.188814
1.190226
1.142959
1.111933
1.090854
1.047873
1.044516
1.072676
1.099629
1.115389
1.123129
1.141972
1.147592
1.129484
1.109704
1.168594
1.157942
1.168315
1.178249
1.203130
1.170774
1.170155
1.139706
1.137940
1.115651
1.115922
1.111486
1.100777
1.118481
1.105851
1.113069
1.148697
1.164727
1.125380
1.141715
1.181013
1.158667
1.149237
1.174768
1.167829
1.122919
1.128900
1.142368
1.128022
1.120070
1.125272
1.100321
1.086747
1.087781
1.101596
1.108601
1.122392
1.137335
1.146701
1.154086
1.148797
1.160154
1.192870
1.333214
1.340039
1.363079
1.351258
1.370411
1.263925
1.278156
1.280224
1.293435
1.237968
1.223744
1.182852
1.132591
1.130247
1.123883
1.099460
1.073972
1.080705
1.125360
1.127046
1.154851
1.166078
1.193720
1.340441
1.396331
1.426929
1.468316
1.475358
1.444788
1.543557
1.561483
1.606280
1.716159
1.753485
1.701923
1.684281
1.656383
1.512839
1.427162
1.406755
1.383800
1.347854
1.302684
1.168632
1.154419
1.132632
1.155109
1.185842
1.210547
1.284783
1.308191
1.399317
1.423974
1.549595
1.574766
1.616873
1.730906
1.793006
1.832383
1.982321
1.989338
1.995715
1.986662
1.915846
1.578713
1.485125
1.512880
1.501040
1.483847
1.478385
1.414164
1.199620
1.199834
1.189778
1.166535
1.196978
1.173072
1.092327
1.513341
2.853363
2.872402
2.929046
2.927082
2.932297
2.404461
2.403311
2.300253
2.132442
2.036682
1.997348
1.671785
1.705852
1.682581
1.732084
1.648453
1.548716
1.496549
1.468512
1.334426
1.367561
1.391713
1.390706
1.406812
1.438844
1.390156
1.320337
1.300333
1.245752
1.305533
1.308530
1.311208
1.330252
1.317737
1.270136
1.254880
1.253822
1.205138
1.190885
1.150460
1.172560
1.164299
1.145906
1.164398
1.200232
1.210018
1.241424
1.257718
1.297366
1.311987
1.330504
1.351863
1.380756
1.409840
1.420852
1.443290
1.494609
1.499082
1.525407
1.578112
1.602748
1.565829
1.571972
1.570471
1.532115
1.501584
1.548070
1.574987
1.537293
1.588727
1.585661
1.569538
1.591928
1.608694
1.573068
1.600419
1.556530
1.467206
1.469601
1.499512
1.502224
1.503371
1.525002
1.641520
1.682016
1.773301
1.805908
1.884286
1.963806
2.096693
2.115823
2.276867
2.329051
2.327968
2.343938
2.389192
2.322547
2.295672
2.317024
2.245481
2.130520
2.118130
2.043795
1.760055
1.551961
1.470638
1.438205
1.410097
1.371333
1.306116
1.263509
1.262478
1.225871
1.200396
1.206338
1.176218
1.198740
1.238258
1.293370
3.410331
3.859988
3.921029
3.974319
3.972214
3.799477
3.250427
3.058941
2.609255
2.769291
2.738929
2.658977
2.646033
2.660765
2.505395
2.549620
2.422822
2.393725
2.388988
2.406905
2.417598
2.431301
2.380755
2.270636
2.129667
1.958083
1.906447
1.916991
1.965058
1.970696
1.925984
1.897745
1.861555
1.746997
1.766544
1.904913
2.025908
2.090902
2.168272
2.168174
2.175631
2.107285
2.088474
2.101704
2.146060
2.089764
2.139266
2.170519
2.144566
2.144740
2.134095
2.090173
1.990110
1.997150
1.926187
1.994013
2.021332
2.018091
1.951894
1.908210
1.879433
1.760142
1.805039
1.891725
1.900536
1.886644
1.893416
1.973174
2.050927
2.032208
2.050641
2.069554
2.031994
1.887369
1.987884
2.014005
2.047684
2.032807
2.055971
1.978233
1.886669
1.836868
1.828348
1.803856
1.736083
1.757035
1.721029
1.773479
1.851636
1.882433
1.855138
1.840526
1.767053
1.599447
1.592576
1.585846
1.592705
1.560247
1.519622
1.468290
1.471987
1.454688
1.512391
1.488724
1.474281
1.457042
1.479371
1.409066
1.440918
1.453184
1.484151
1.494139
1.512694
1.522547
1.549253
1.523110
1.512544
1.502240
1.471908
1.475420
1.466409
1.441210
1.423821
1.442589
1.405955
1.390856
1.387150
1.444551
1.454751
1.429300
1.449164
1.438416
1.368440
1.324908
1.338697
1.286510
1.342622
1.349716
1.394989
1.441521
1.471848
1.463695
1.468251
1.452889
1.380429
1.326731
1.285499
1.282149
1.285910
1.301613
1.335142
1.335579
1.334341
1.301431
1.309606
1.306733
1.309639
1.333168
1.358523
1.362406
1.361001
1.366972
1.363381
1.340063
1.404450
1.416421
1.467828
1.465663
1.490240
1.465650
1.438183
1.394667
1.443590
1.506333
1.504748
1.538799
1.516063
1.524535
1.504121
1.523750
1.579319
1.619829
1.640063
1.630280
1.623343
1.596435
1.620896
1.601279
1.586434
1.573968
1.541641
1.566432
1.553566
1.562114
1.598071
1.660516
1.629616
1.652117
1.705090
1.753363
1.741407
1.728455
1.741959
1.761677
1.831858
1.848971
1.862910
1.852242
1.823183
1.690315
1.658147
1.739998
1.780046
1.783841
1.805368
1.868530
1.853312
1.841098
1.852760
1.879230
1.845623
1.857442
1.836246
1.872302
1.846659
1.803797
1.823932
1.871480
1.865547
1.962920
1.979825
1.948558
2.006859
2.025109
1.967129
1.988121
2.006580
1.938727
1.895879
1.947003
1.982734
1.955314
1.983050
2.021701
2.031368
2.026337
2.021652
2.002818
1.993575
2.029322
2.006062
2.042165
2.105637
2.120369
2.122228
2.108172
2.091140
2.128136
2.095318
2.143485
2.140997
2.186061
2.160204
2.156061
2.178259
2.278421
2.266979
2.264666
2.292697
2.246973
2.157355
2.180614
2.192478
2.199568
2.270856
2.293327
2.356413
2.371141
2.369210
2.341618
2.392636
2.354798
2.364133
2.388583
2.390482
2.414742
2.499836
2.566807
2.608070
2.667040
2.689284
2.611460
2.575196
2.554202
2.585225
2.590793
2.641293
2.615448
2.658956
2.620475
2.559526
2.619512
2.688203
2.712456
2.734370
2.838602
2.814222
2.804079
2.809460
2.880461
2.799903
2.809977
2.770711
2.751370
2.657320
2.712664
2.819230
2.853010
2.859395
2.946458
2.999520
2.930384
2.925209
2.949452
2.881482
2.866899
2.919462
3.056164
3.071120
3.115387
3.057096
3.037298
2.906323
2.855720
2.924554
2.955834
2.954141
3.092613
3.111218
3.041816
3.066883
3.162541
3.143710
3.153829
3.156264
3.185712
3.113801
3.046467
3.042029
3.059529
3.032747
3.040090
3.029573
3.090510
3.090180
3.206505
3.296109
3.341595
3.307947
3.348430
3.360103
3.352543
3.312861
3.329583
3.363258
3.258968
3.144806
3.188021
3.225510
3.237055
3.376091
3.431122
3.482166
3.511052
3.435985
3.388608
3.418297
3.410015
3.382401
3.478027
3.508359
3.497679
3.512642
3.528404
3.527679
3.603365
3.690219
3.720445
3.741292
3.675334
3.632239
3.545610
3.518678
3.509830
3.532477
3.486286
3.549290
3.601762
3.639437
3.725522
3.755088
3.866134
3.799347
3.753777
3.727215
3.689279
3.501685
3.640885
3.693833
3.639586
3.715945
3.675475
3.557131
3.511013
3.560281
3.452876
3.602658
3.656358
3.914382
3.970577
4.050836
4.030820
4.033620
3.872690
3.863296
3.845317
3.795734
3.821171
3.837966
3.769967
3.767453
3.795758
3.755345
3.754892
3.762789
3.823057
3.923254
4.078386
4.175366
4.188845
4.113923
4.099602
4.002324
3.929388
3.970584
4.005700
4.021579
4.080811
4.009255
3.957686
3.901980
3.947551
3.951019
4.041445
4.026694
4.047157
4.091631
4.098109
4.089467
4.099229
4.173306
4.137431
4.218831
4.213729
4.225714
4.123006
4.048673
4.050059
4.035584
4.053070
4.142075
4.195897
4.133674
4.182413
4.171619
4.297411
4.283141
4.328003
4.364012
4.310971
4.397343
4.404493
4.305306
4.214990
4.346050
4.141678
4.274424
4.361988
4.369690
4.316371
4.412807
4.329740
4.369046
4.432396
4.468386
4.481534
4.488512
4.387567
4.451262
4.535547
4.475173
4.464841
4.518347
4.501767
4.436738
4.532905
4.539575
4.589089
4.583675
4.603246
4.508628
4.474947
4.332821
4.265980
4.227198
4.255005
4.326249
4.442737
4.372477
4.456532
4.467044
4.375257
4.395066
4.540639
4.481129
4.502418
4.652579
4.628194
4.650706
4.590542
4.548379
4.595959
4.718861
4.652038
4.689635
4.732980
4.621190
4.673423
4.804035
4.869124
4.837499
4.801697
4.704993
4.591486
4.486392
4.477693
4.475628
4.517030
4.672245
4.731932
4.879238
4.916484
4.866179
4.864254
4.812730
4.616689
4.561384
4.538839
4.398000
4.447761
4.505333
4.515316
4.579853
4.568062
4.674298
4.609013
4.663145
4.653481
4.775416
4.833656
4.981469
4.859641
4.824043
4.895250
4.718496
4.542007
4.594355
4.565675
4.313995
4.331588
4.384368
4.443997
4.580148
4.587396
4.679007
4.639508
4.635026
4.608958
4.517014
4.418932
4.349012
4.324393
4.140252
4.198211
4.238525
4.365482
4.391431
4.387388
4.455936
4.463618
4.490500
4.463458
4.505218
4.515651
4.495185
4.393524
4.260614
4.291614
4.206526
4.249279
4.163006
4.285400
4.289377
4.265194
4.253602
4.336598
4.263328
4.162976
4.110536
4.049014
3.970282
4.065946
4.015180
3.995862
4.021250
4.112917
4.040904
4.073062
4.154825
4.087319
4.010119
4.061403
4.176319
4.165723
4.191471
4.144645
4.126855
4.153304
4.116018
4.121911
4.183514
4.138572
3.915633
3.887596
3.879193
3.816047
3.783361
3.807329
3.760733
3.722559
3.621473
3.434446
3.277501
3.258911
3.117670
3.056019
3.011199
2.879033
2.782182
2.758494
2.759508
2.772639
2.757099
2.797984
2.879808
3.037847
3.370507
3.648948
3.747277
3.856929
3.833616
3.743406
3.689971
3.651524
3.557691
3.625824
3.727013
3.743500
3.829877
3.796870
3.808974
3.917246
4.003344
4.021106
4.070027
4.068063
4.022895
3.877664
3.952795
3.985772
4.062416
4.047538
4.045591
3.900578
3.852881
3.676258
3.479849
3.398627
3.384905
3.153448
3.090908
2.986395
2.877300
2.836107
2.766106
2.676565
2.683859
2.554424
2.441349
2.404973
2.265930
2.180381
2.157653
2.128194
2.090713
2.070478
1.891491
1.806789
1.825211
1.821148
1.880753
1.975296
1.952466
1.941805
1.939412
1.857883
1.741633
1.737833
1.697070
1.687448
1.641346
1.513296
1.511036
1.499114
1.475088
1.468912
1.548095
1.537844
1.548189
1.535388
1.515459
1.460739
1.440106
1.455511
1.491247
1.491510
1.490814
1.496175
1.444875
1.406301
1.403172
1.427347
1.409454
1.443058
1.434095
1.451376
1.413039
1.380038
1.338295
1.320615
1.276558
1.282573
1.294583
1.265716
1.223804
1.192606
1.170607
1.165626
1.168278
1.175956
1.187731
1.199954
1.184997
1.178335
1.181268
1.146532
1.134832
1.149034
1.139134
1.105570
1.116274
1.094340
1.072804
1.041882
1.037191
1.052622
1.072105
1.064742
1.083556
1.082093
1.072253
1.084311
1.097487
1.114469
1.110423
1.109538
1.121548
1.107718
1.075970
1.090605
1.069307
1.043540
1.058403
1.081940
1.068756
1.075669
1.068620
1.048182
1.049064
1.064665
1.102036
1.156334
1.163649
1.155311
1.153871
1.161074
1.124144
1.139640
1.167572
1.178744
1.161645
1.160683
1.151710
1.122737
1.075569
1.057469
1.057730
1.047773
1.077624
1.119293
1.147518
1.163303
1.185981
1.172461
1.221406
1.227250
1.207489
1.205912
1.211087
1.141985
1.118463
1.130601
1.123677
1.141484
1.178569
1.195007
1.224168
1.284466
1.285539
1.299452
1.361521
1.359463
1.322021
1.329966
1.381189
1.370838
1.404549
1.419903
1.454378
1.423109
1.412221
1.434033
1.443544
1.436725
1.483072
1.496587
1.474309
1.473206
1.472912
1.489479
1.519786
1.580178
1.577796
1.604145
1.599881
1.602261
1.596696
1.626125
1.620481
1.605050
1.648317
1.620474
1.606671
1.599271
1.596301
1.568332
1.577218
1.648380
1.739195
1.786949
1.777172
1.774912
1.785104
1.759258
1.751091
1.807661
1.916408
1.897838
1.887126
1.928144
1.955123
1.911991
1.954937
2.033659
2.118020
2.117537
2.130471
2.159689
2.137649
2.065852
2.039566
2.037321
1.970683
1.966288
2.042338
2.135770
2.132891
2.171673
2.238564
2.462093
2.486132
2.534468
2.540928
2.541865
2.444127
2.460958
2.481785
2.554989
2.607878
2.614697
2.600412
2.602668
2.602745
2.557560
2.520825
2.525630
2.510584
2.564609
2.591132
2.586592
2.626991
2.662528
2.532733
2.548142
2.546447
2.519918
2.531112
2.499681
2.484741
2.473512
2.513726
2.449965
2.505207
2.504255
2.579906
2.521585
2.572082
2.601901
2.574208
2.510633
2.577020
2.551367
2.524965
2.580051
2.619506
2.578293
2.552334
2.524349
2.438956
2.337439
2.272787
2.181326
2.075610
2.087107
2.087553
2.211469
2.254462
2.305296
2.353284
2.454595
2.439694
2.564909
2.664414
2.702032
2.700461
2.722829
2.684166
2.670784
2.689605
2.677121
2.642897
2.634168
2.668693
2.649293
2.636535
2.641708
2.658393
2.638889
2.632438
2.800954
2.890000
3.115458
3.318504
3.603714
3.818959
3.984606
4.084074
4.099399
4.044153
3.958331
3.831073
3.747425
3.636268
3.606372
3.615696
3.633752
3.534110
3.603611
3.570585
3.529992
3.559255
3.607169
3.657996
3.783846
3.853638
3.883787
3.983551
4.085247
4.156850
4.198751
4.208320
4.263922
4.281684
4.234587
4.173294
4.224474
4.079239
3.903506
3.837749
3.797690
3.635493
3.577999
3.513807
3.398517
3.214002
3.014084
3.062176
3.015895
2.883922
2.837732
2.797425
2.486666
2.046380
2.006178
2.033637
2.052619
2.018287
2.014166
1.965286
1.883180
1.714835
1.686168
1.695441
1.675294
1.675134
1.644836
1.583727
1.511452
1.501517
1.445335
1.604326
1.598776
1.637705
1.671532
1.704059
1.660053
1.663309
1.695743
1.671062
1.651461
1.619616
1.596647
1.528649
1.525594
1.469694
1.474694
1.495165
1.473024
1.428833
1.427193
1.365944
1.278263
1.227694
1.211686
1.237031
1.277149
1.276211
1.271584
1.251689
1.216679
1.149243
1.107254
1.097977
1.134195
1.147694
1.124532
1.113375
1.113413
1.094252
1.083479
1.099839
1.114627
1.119610
1.103434
1.086320
1.060134
1.049641
1.040769
1.052175
1.069897
1.109846
1.132428
1.161642
1.148247
1.126852
1.105003
1.080493
1.055067
1.057800
1.091585
1.091084
1.078571
1.059034
1.069078
1.076325
1.066703
1.081096
1.100568
1.083686
1.058904
1.067793
1.058337
1.049538
1.055858
1.065494
1.084722
1.086435
1.089809
1.091183
1.080773
1.057038
1.049023
1.076968
1.097175
1.104792
1.124274
1.135260
1.124479
1.120728
1.111698
1.097069
1.090435
1.070001
1.073280
1.071666
1.101570
1.111977
1.112123
1.121559
1.134059
1.095791
1.082553
1.076253
1.066601
1.050473
1.091210
1.109738
1.115292
1.116639
1.135321
1.125322
1.113898
1.095419
1.097540
1.094130
1.065379
1.108029
1.162813
1.203159
1.214689
1.230068
1.227174
1.288347
1.291527
1.304610
1.330244
1.334080
1.323315
1.322233
1.344799
1.335215
1.313345
1.335943
1.381597
1.396438
1.403065
1.442735
1.498571
1.481553
1.496765
1.527243
1.533678
1.501156
1.530164
1.494199
1.470145
1.543523
1.534801
1.524551
1.536180
1.532752
1.555395
1.617666
1.641327
1.654893
1.646497
1.555182
1.494284
1.449649
1.477559
1.487306
1.495576
1.515178
1.556128
1.538384
1.591001
1.628147
1.603653
1.547864
1.608790
1.595407
1.578145
1.561155
1.598888
1.541464
1.636799
1.809174
1.838398
1.880935
1.909873
1.909951
1.833945
1.830787
1.849625
1.919345
1.975247
2.031750
2.132299
2.078925
2.061984
2.104344
2.200244
2.530088
2.599755
2.633772
2.635570
2.641860
2.454933
2.423895
2.426233
2.409687
2.498143
2.416937
2.454921
2.415158
2.432728
2.349903
2.366786
2.306023
2.322325
2.301791
2.345041
2.461092
2.494898
2.558991
2.592800
2.643370
2.631933
2.612118
2.561086
2.582523
2.557110
2.549639
2.589272
2.553537
2.461294
2.373519
2.407007
2.442369
2.489724
2.561848
2.595889
2.592045
2.664559
2.706215
2.687944
2.660147
2.645072
2.634690
2.623217
2.690141
2.716682
2.740331
2.709629
2.742704
2.765159
2.755334
2.700528
2.606439
2.455055
2.242288
2.232568
2.181902
2.257793
2.270184
2.253593
2.223734
2.276794
2.164446
2.200241
2.268046
2.346843
2.369548
2.441213
2.492636
2.482097
2.455400
2.656908
2.756384
2.832292
2.883378
2.919906
2.849562
2.785773
2.725729
2.661650
2.611559
2.626274
2.621892
2.519494
2.488389
2.536649
2.603343
2.690074
2.749195
2.870272
3.060739
3.307739
3.509264
3.678820
3.822557
3.910996
3.954189
3.871993
3.816157
3.819587
3.772805
3.661880
3.626021
3.726497
3.641006
3.558437
3.639098
3.765910
3.757442
3.914269
3.949997
4.063331
4.167722
4.379499
4.378954
4.487313
4.476361
4.415401
4.212611
4.136718
4.075607
4.036816
4.033578
4.044270
4.079035
3.915341
3.847521
3.761872
3.665735
3.349151
3.290199
3.115145
3.032533
2.840634
2.865946
2.897616
2.885036
2.835866
2.900925
2.819818
2.485562
2.315422
2.262108
2.167010
2.014427
2.033535
2.035369
1.869255
1.802000
1.847005
1.795489
1.777430
1.754572
1.772301
1.728010
1.708491
1.793703
1.801279
1.795178
1.761554
1.753707
1.642795
1.636123
1.614780
1.674404
1.728243
1.791477
1.824852
1.838326
1.811373
1.781251
1.665989
1.625982
1.628790
1.619204
1.583141
1.556146
1.470133
1.358880
1.342140
1.361829
1.352552
1.341536
1.327691
1.312952
1.319060
1.289894
1.296835
1.316269
1.310704
1.313753
1.327783
1.375190
1.384526
1.380550
1.354266
1.332929
1.247405
1.207107
1.151648
1.156267
1.159938
1.129312
1.120882
1.115584
1.134217
1.130653
1.139193
1.121519
1.117900
1.106913
1.086361
1.085665
1.091251
1.079558
1.076267
1.064235
1.048124
1.065764
1.082466
1.069284
1.076952
1.091175
1.097842
1.095709
1.115659
1.130242
1.148312
1.115965
1.122674
1.119961
1.101642
1.083930
1.093637
1.068572
1.037402
1.055528
1.037714
1.042902
1.085316
1.074482
1.068845
1.073042
1.073629
1.040862
1.075127
1.072547
1.072442
1.073659
1.083819
1.083787
1.082513
1.090114
1.103324
1.128836
1.133971
1.141013
1.141839
1.140878
1.124391
1.115827
1.106123
1.106963
1.102927
1.076167
1.089241
1.118619
1.125190
1.142771
1.186902
1.157243
1.144098
1.144871
1.164734
1.117326
1.136904
1.135311
1.150006
1.105770
1.128596
1.121138
1.116844
1.116970
1.132969
1.130508
1.147884
1.160300
1.143057
1.182230
1.253683
1.294543
1.323627
1.365478
1.381546
1.407240
1.389521
1.394832
1.408070
1.402025
1.354316
1.373071
1.405652
1.380125
1.486111
1.528949
1.517447
1.487168
1.498103
1.438402
1.540120
1.586918
1.607389
1.645134
1.630784
1.620190
1.596821
1.620257
1.570090
1.580908
1.521796
1.516800
1.483444
1.497944
1.508364
1.483516
1.547342
1.613723
1.620554
1.610253
1.596787
1.558867
1.473081
1.481541
1.502906
1.530216
1.540062
1.570017
1.594702
1.637069
1.704961
1.727686
1.716142
1.667693
1.631477
1.595051
1.652872
1.692819
1.749244
1.810894
1.829039
1.809614
1.817126
1.786100
1.857587
1.859172
1.931786
1.964572
2.012638
2.055432
2.103220
2.071369
2.076463
2.119069
2.091145
2.077839
2.071224
2.080126
2.032608
2.059917
2.038962
2.092704
2.073110
2.118718
2.122762
2.256197
2.259472
2.291320
2.282171
2.268244
2.178160
2.230427
2.232921
2.305450
2.353438
2.369502
2.451746
2.551095
2.531085
2.504642
2.550962
2.518530
2.475266
2.544279
2.596279
2.546058
2.477514
2.423182
2.369557
2.340146
2.306386
2.390534
2.569124
2.573554
2.647464
2.764779
2.810010
2.768398
2.835544
2.809614
2.828205
2.815628
2.806962
2.799017
2.807301
2.813089
2.918832
2.972371
3.006913
2.997946
2.961456
2.870536
2.849757
2.806724
2.792277
2.842186
2.829773
2.846767
2.808592
2.815772
2.725039
2.717363
2.666645
2.718453
2.746178
2.934546
2.940515
2.983480
2.936143
2.924088
2.771847
2.913439
2.866397
2.895975
2.891600
2.892104
2.754590
2.725577
2.809821
2.893078
2.851597
2.834614
2.823018
2.730281
2.699474
2.704873
2.772326
2.779182
2.729501
2.658104
2.785550
2.732447
2.716073
2.763663
2.816110
2.665687
2.651205
2.711636
2.766373
2.680382
2.638414
2.544373
2.447348
2.375883
2.435043
2.454575
2.595645
2.658779
2.707167
2.703316
2.699607
2.649580
2.640155
2.629382
2.653830
2.652463
2.650254
2.653252
2.529289
2.448289
2.470724
2.474922
2.366755
2.430192
2.401366
2.342557
2.281810
2.288497
2.300572
2.291813
2.283617
2.296487
2.258043
2.176561
2.164289
2.116661
2.035358
2.047596
2.138743
2.174728
2.201998
2.205354
2.227009
2.230476
2.214678
2.249105
2.251709
2.275063
2.247191
2.202543
2.240176
2.311805
2.272470
2.287657
2.292441
2.262792
2.185274
2.194995
2.144880
2.221460
2.269171
2.260725
2.288141
2.362896
2.260500
2.181468
2.148615
2.147756
2.050885
2.077745
2.094686
2.128969
2.194646
2.298393
2.318421
2.301673
2.363731
2.320791
2.398075
2.392603
2.519021
2.534575
2.626548
2.609761
2.647999
2.611821
2.526416
2.441196
2.394404
2.373389
2.333297
2.347410
2.323430
2.284636
2.213727
2.219128
2.180672
2.164631
2.137232
2.153348
2.142611
2.158767
2.131246
2.120352
2.162034
2.167117
2.164523
2.168851
2.160219
2.173242
2.148120
2.132579
2.177270
2.199130
2.131858
2.134411
2.136330
2.153477
2.121036
2.166713
2.185979
2.215510
2.204416
2.263263
2.241440
2.243433
2.260041
2.241071
2.225851
2.229773
2.293918
2.303666
2.334353
2.330739
2.314911
2.199068
2.074213
2.016775
1.998532
1.959239
2.063572
2.133872
2.288710
2.353528
2.435765
2.532814
2.597600
2.607702
2.661124
2.774434
2.777021
2.756151
2.739421
2.706712
2.666138
2.622888
2.711199
3.015318
3.058791
3.010119
2.995971
2.981102
2.637568
2.822877
2.973894
3.276624
3.455935
3.608078
3.694758
3.810036
3.768551
3.809185
3.715081
3.619853
3.541152
3.490125
3.349571
3.516539
3.551092
3.540909
3.584083
3.624787
3.631819
3.664552
3.683902
3.734762
3.808276
3.907740
3.979422
4.052084
4.101643
4.089625
4.020197
3.951634
3.938256
3.834331
3.768652
3.632628
3.542831
3.295559
3.141117
2.944783
2.743986
2.741722
2.709302
2.660871
2.600248
2.576989
2.585207
2.532945
2.488332
2.454156
2.426812
2.157093
2.082201
1.911456
1.872957
1.782985
1.798188
1.656061
1.656407
1.577126
1.488835
1.404748
1.413077
1.430824
1.460153
1.439778
1.492805
1.494013
1.548229
1.521532
1.568625
1.580068
1.667568
1.702474
1.823122
1.844177
1.856567
1.838242
1.826554
1.715332
1.685189
1.730805
1.727805
1.705227
1.735313
1.742030
1.655494
1.613839
1.552057
1.472130
1.484658
1.556918
1.565434
1.572998
1.605008
1.578662
1.644772
1.711947
1.703098
1.664344
1.671488
1.587225
1.463195
1.437887
1.456577
1.477339
1.485079
1.502736
1.493267
1.488375
1.414491
1.340139
1.355489
1.417982
1.470220
1.527884
1.522874
1.529354
1.492929
1.432623
1.346555
1.356239
1.321955
1.395326
1.441364
1.497491
1.505299
1.530630
1.488008
1.474343
1.477282
1.474425
1.437535
1.439410
1.428280
1.416133
1.422612
1.406545
1.407187
1.387838
1.317671
1.265818
1.271469
1.309603
1.277865
1.293860
1.435855
1.452972
1.436494
1.449536
1.463989
1.398108
1.500711
1.553778
1.578372
1.575780
1.583502
1.692922
1.718953
1.738382
1.733730
1.739670
1.636015
1.510437
1.515782
1.565504
1.620093
1.614387
1.606449
1.554852
1.505951
1.294996
1.281706
1.285748
1.266172
1.287498
1.270882
1.302047
1.298369
1.342227
1.366654
1.416222
1.439044
1.462844
1.437017
1.450280
1.414617
1.457585
1.465897
1.475311
1.528394
1.560691
1.538431
1.586681
1.663038
1.715931
1.684566
1.720041
1.719785
1.669663
1.595524
1.605562
1.545462
1.511395
1.485441
1.457848
1.449395
1.448966
1.368813
1.362340
1.338271
1.306198
1.289170
1.302274
1.401193
1.430262
1.451983
1.469662
1.526222
1.545931
1.591334
1.608722
1.594026
1.569764
1.526563
1.477840
1.424532
1.421397
1.496340
1.502415
1.554957
1.550025
1.580826
1.565856
1.549184
1.490400
1.470206
1.426307
1.456250
1.486135
1.483824
1.470574
1.469035
1.360157
1.413378
1.431749
1.490536
1.518872
1.605196
1.591031
1.697632
1.706840
1.692369
1.637692
1.653927
1.501080
1.441302
1.491045
1.518034
1.568963
1.612908
1.628034
1.609575
1.611351
1.550204
1.510468
1.593400
1.641047
1.617672
1.617202
1.616059
1.541541
1.489543
1.476177
1.449716
1.421296
1.382087
1.301826
1.362619
1.412907
1.497611
1.619479
1.786368
1.871647
1.885210
1.895564
1.891965
1.817154
1.746070
1.779091
1.744954
1.762609
1.801908
1.760380
1.698365
1.730151
1.652700
1.630403
1.804622
1.852650
1.840562
1.835029
1.804199
1.596042
1.526391
1.469542
1.433170
1.404453
1.475414
1.488184
1.519084
1.547082
1.647037
1.652552
1.698514
1.786343
1.831523
1.902401
2.081557
2.091441
2.074014
2.069227
2.042676
2.002382
2.004398
2.023970
2.033629
2.011872
1.809148
1.763811
1.717249
1.637239
1.655707
1.613359
1.606438
1.668190
1.661965
1.620269
1.649190
1.661263
1.605368
1.589931
1.704637
1.788179
1.875887
1.973785
2.048444
2.051191
2.068361
2.074964
2.075936
2.045146
2.043666
2.028894
1.995206
1.967043
1.923852
1.877046
1.836400
1.796072
1.722977
1.721290
1.721457
1.727461
1.727109
1.683253
1.740827
1.767151
1.787764
1.794361
1.779002
1.711786
1.686019
1.655297
1.632890
1.709106
1.834261
1.980127
2.029237
2.100985
2.193085
2.204119
2.188407
2.189469
2.142894
2.031244
1.954260
1.850383
1.734102
1.753771
1.691570
1.758138
1.722614
1.735721
1.707730
1.735519
1.659254
1.698413
1.726155
1.731925
1.733204
1.754602
1.709257
1.621152
1.612889
1.623075
1.655556
1.709262
1.803697
1.908626
1.948313
2.114945
2.170023
2.178500
2.217012
2.209801
2.137542
2.093780
2.071807
2.011893
2.016267
1.957726
1.932363
1.880095
1.839781
1.794790
1.838785
1.828541
1.817053
1.751008
1.707648
1.686445
1.750193
1.776221
1.745760
1.737565
1.717998
1.706927
1.710965
1.752821
1.824036
1.848224
1.884418
2.011961
2.050275
2.091332
2.150382
2.148683
2.167609
2.149683
2.109710
2.050034
2.057603
1.984785
1.936872
1.885379
1.879060
1.829775
1.719797
1.735207
1.729879
1.776427
1.755834
1.755660
1.775858
1.793176
1.753999
1.753179
1.743990
1.740992
1.765015
1.832658
1.898049
1.950071
1.962740
2.024836
2.125115
2.228270
2.241296
2.231775
2.219548
2.150250
2.002021
1.945917
1.956114
1.889755
1.871414
1.848563
1.803881
1.775989
1.790671
1.819539
1.807577
1.797620
1.777112
1.782861
1.742246
1.772081
1.823491
1.846147
1.852925
1.847831
1.822765
1.762752
1.710696
1.723110
1.819991
1.893235
1.952173
2.043612
2.084493
2.109926
2.092144
2.080650
2.045964
2.034762
1.957814
1.952793
1.951076
1.909853
1.849232
1.832318
1.802545
1.743909
1.690742
1.652900
1.652234
1.654291
1.678353
1.701569
1.801877
1.822165
1.818598
1.813258
1.855525
1.795779
1.763042
1.768851
1.792414
1.775569
1.808583
1.879949
1.918619
1.920304
2.023130
2.023880
2.058538
2.100817
2.100655
2.021811
2.033068
1.960169
1.872667
1.904362
1.887756
1.834437
1.832291
1.766067
1.694667
1.682047
1.669414
1.692859
1.702205
1.691440
1.703415
1.714283
1.678277
1.687720
1.676261
1.650610
1.626603
1.713785
1.787978
1.888879
1.935609
1.978585
2.106570
2.137723
2.112257
2.118809
2.147306
2.073018
2.045981
2.038408
2.033455
1.961025
1.878507
1.811135
1.778070
1.729518
1.730896
1.721786
1.713895
1.793074
1.838737
1.833336
1.834647
1.844804
1.858478
1.796888
1.777137
1.766118
1.763601
1.630931
1.660076
1.681778
1.706045
1.679995
1.787285
1.828990
1.833997
1.879632
1.930003
1.971870
2.009172
2.019526
2.027777
2.016865
1.955309
1.875608
1.856802
1.770576
1.762564
1.751890
1.737531
1.730479
1.768664
1.705418
1.616239
1.576898
1.602714
1.599229
1.647786
1.680798
1.696755
1.695449
1.668039
1.692655
1.708343
1.719843
1.644547
1.700195
1.705833
1.764894
1.842049
1.935645
1.946540
1.973329
1.977975
2.027612
2.010840
1.977939
1.975614
1.962904
1.845982
1.802181
1.858235
1.753315
1.691012
1.725526
1.684921
1.670093
1.715391
1.752860
1.724922
1.741190
1.702424
1.701781
1.708374
1.716512
1.691929
1.712786
1.676403
1.679072
1.686051
1.699534
1.651977
1.630697
1.643282
1.624368
1.759038
1.878446
1.905316
1.935995
1.984974
1.951336
1.991093
2.048134
2.061302
2.065815
2.094923
2.001198
1.907792
1.859613
1.803201
1.740471
1.735506
1.694836
1.695993
1.698561
1.717461
1.751544
1.772667
1.763886
1.802010
1.758568
1.750052
1.732821
1.691294
1.557628
1.522544
1.481786
1.527806
1.545337
1.629656
1.630416
1.682888
1.707362
1.807267
1.817498
1.848536
1.852856
1.853516
1.839487
1.828653
1.845385
1.864643
1.866136
1.795830
1.776088
1.723696
1.671368
1.616787
1.763755
1.756149
1.773559
1.758118
1.746605
1.607417
1.615097
1.646868
1.672317
1.677181
1.665521
1.626291
1.581710
1.540598
1.563642
1.569538
1.552054
1.535425
1.596313
1.586628
1.663782
1.705379
1.758584
1.773557
1.784097
1.771594
1.803019
1.788059
1.790531
1.829616
1.835171
1.820184
1.803782
1.751344
1.717174
1.718626
1.654855
1.652270
1.653152
1.666676
1.627315
1.649952
1.625185
1.589404
1.569109
1.584323
1.578970
1.544906
1.593685
1.631988
1.620808
1.619242
1.626704
1.570614
1.516242
1.451186
1.447009
1.472252
1.454579
1.454136
1.480925
1.519016
1.497458
1.484024
1.488959
1.522580
1.541777
1.637861
1.711563
1.745502
1.735722
1.728217
1.680857
1.627830
1.598534
1.584774
1.574414
1.547724
1.548418
1.550322
1.571043
1.597929
1.657517
1.662253
1.641253
1.627435
1.560484
1.465074
1.500709
1.497920
1.470847
1.512631
1.491401
1.438127
1.453370
1.501289
1.504566
1.520167
1.514665
1.524057
1.502562
1.438979
1.449233
1.470582
1.432885
1.400177
1.407597
1.403053
1.362954
1.385505
1.396033
1.412080
1.382174
1.438056
1.491230
1.503756
1.498004
1.492981
1.446035
1.367751
1.348110
1.353202
1.363641
1.364539
1.355693
1.348309
1.320414
1.316200
1.312162
1.292471
1.274315
1.290307
1.275532
1.256842
1.266621
1.276366
1.265342
1.258063
1.292348
1.275926
1.274417
1.267699
1.253451
1.231928
1.240250
1.226896
1.203046
1.222225
1.194172
1.168428
1.180043
1.178708
1.188414
1.208793
1.212351
1.200336
1.184430
1.208679
1.188869
1.195004
1.213409
1.235687
1.208856
1.209010
1.223142
1.227369
1.228151
1.206387
1.228937
1.213758
1.243532
1.204776
1.214604
1.218515
1.199133
1.188014
1.224002
1.226603
1.175957
1.165663
1.132890
1.130733
1.117442
1.129992
1.143129
1.163978
1.182118
1.189192
1.228558
1.225249
1.204876
1.193228
1.179311
1.126311
1.134817
1.152498
1.150108
1.165976
1.158562
1.156757
1.108594
1.127342
1.140581
1.167161
1.152385
1.167939
1.154974
1.157559
1.144695
1.153809
1.173903
1.153390
1.125315
1.118833
1.149393
1.121869
1.144146
1.180894
1.199742
1.194585
1.203162
1.233404
1.231567
1.239387
1.242662
1.262074
1.272719
1.283498
1.286153
1.298022
1.307881
1.304858
1.320035
1.293523
1.262519
1.265359
1.261238
1.257662
1.297455
1.316228
1.286637
1.266186
1.237985
1.230771
1.254136
1.354900
1.411839
1.411423
1.435829
1.441432
1.407229
1.378822
1.440254
1.444659
1.459599
1.473695
1.532328
1.541606
1.549849
1.561063
1.570464
1.534743
1.542229
1.568164
1.572210
1.549781
1.595193
1.637890
1.614165
1.605932
1.633023
1.617341
1.602881
1.568484
1.572988
1.551417
1.596415
1.636857
1.697725
1.743641
1.872001
1.984016
2.175329
2.173835
2.214830
2.385962
2.675756
2.713705
2.928799
3.039260
3.023962
2.921552
2.901566
2.645343
2.143518
1.923391
1.728837
1.517449
1.479981
1.439906
1.294304
1.198166
1.312379
3.438834
3.589827
3.566237
3.567208
3.568544
3.158571
2.923547
2.001375
1.899753
1.831419
1.713358
1.640761
1.689410
1.679555
1.647053
1.642092
1.600445
1.479027
1.456395
1.495036
1.530698
1.551095
1.563486
1.538650
1.526011
1.499269
1.512730
1.462231
1.466884
1.438701
1.387761
1.313322
1.248921
1.177078
1.127199
1.127626
1.088550
1.096330
1.115349
1.114934
1.147582
1.172992
1.182042
1.179999
1.211325
1.177844
1.184743
1.188878
1.208703
1.183183
1.199536
1.215016
1.210420
1.184241
1.191293
1.170940
1.128858
1.125222
1.132612
1.133857
1.120053
1.110115
1.101012
1.086872
1.074416
1.080342
1.094016
1.092318
1.114402
1.121162
1.112343
1.124601
1.142550
1.143469
1.156607
1.187354
1.203642
1.223897
1.228274
1.224441
1.223598
1.217457
1.222144
1.213159
1.203143
1.201834
1.187981
1.151368
1.148313
1.134965
1.134078
1.135852
1.122089
1.122076
1.104659
1.084551
1.099619
1.134947
1.130514
1.141141
1.142227
1.117755
1.092961
1.105173
1.133858
1.143704
1.163523
1.173850
1.164009
1.125735
1.156534
1.175663
1.164744
1.158221
1.151965
1.149646
1.138349
1.160372
1.187878
1.191245
1.172179
1.163381
1.160544
1.132212
1.137540
1.149110
1.180489
1.173985
1.179532
1.179031
1.178557
1.166262
1.210720
1.215630
1.256716
1.305720
1.349347
1.344969
1.344203
1.314607
1.281133
1.227134
1.197346
1.172664
1.167723
1.171409
1.180530
1.189754
1.240273
1.268625
1.264260
1.262443
1.239690
1.206937
1.258344
1.279338
1.293805
1.364734
1.441728
1.416858
1.872288
2.440930
2.601825
2.804188
2.855242
2.877978
2.776472
2.723464
2.436194
2.343506
2.191372
2.151239
2.027699
1.946734
1.761474
1.694060
1.590108
1.459810
1.412819
1.391806
1.600629
1.607508
1.575092
1.564966
1.548021
1.305397
1.282589
3.128888
3.213349
3.568753
3.576096
3.579603
3.351042
3.314043
2.274153
2.123820
2.018523
1.993850
1.735629
1.562242
1.520273
1.504368
1.464127
1.348689
1.320701
1.310396
1.321870
1.303607
1.334035
1.337805
1.359591
1.359206
1.363363
1.314031
1.222075
1.192811
1.168120
1.112799
1.110513
1.128549
1.146223
1.142808
1.139627
1.146070
1.150270
1.139601
1.132625
1.138624
1.109343
1.105143
1.067046
1.065580
1.060645
1.088997
1.125500
1.172620
1.167569
1.170368
1.176214
1.164935
1.138150
1.156760
1.136153
1.105749
1.076602
1.105166
1.082263
1.086102
1.108550
1.099279
1.085427
1.097695
1.113909
1.092546
1.097021
1.084249
1.071629
1.045718
1.062122
1.096972
1.082316
1.084891
1.099048
1.104401
1.085319
1.105591
1.099115
1.106562
1.085900
1.068936
1.060106
1.050358
1.050328
1.055173
1.077667
1.101122
1.140463
1.143476
1.139146
1.118042
1.078645
1.039112
1.027039
1.018901
1.035499
1.052347
1.069284
1.061572
1.063737
1.053038
1.069343
1.094740
1.107257
1.111486
1.106554
1.095491
1.063423
1.069700
1.062313
1.073983
1.067024
1.083436
1.081769
1.095337
1.092665
1.088516
1.079946
1.084725
1.071713
1.076353
1.076947
1.056078
1.055063
1.080530
1.117067
1.128059
1.134974
1.136362
1.129533
1.092780
1.082945
1.107963
1.105313
1.105986
1.113784
1.109167
1.083609
1.091300
1.118812
1.150125
1.156987
1.177651
1.177595
1.187349
1.179341
1.209070
1.233068
1.269897
1.298864
1.333938
1.399487
1.470805
1.510948
1.685819
1.865523
2.828207
2.938434
3.040905
3.180475
3.186342
2.978028
2.882557
2.729194
2.119856
2.463693
2.511622
2.525841
2.515601
2.521226
2.044433
1.818467
1.910627
1.898033
1.887447
1.871682
1.843929
1.549594
1.443973
1.327254
2.485688
3.660479
3.776241
3.785317
3.787559
3.764129
2.955867
2.298689
2.057966
1.942603
1.877909
1.683778
1.670967
1.827692
1.842001
1.878246
1.881578
1.875229
1.576657
1.492433
1.361733
1.106061
1.053007
1.050378
1.058518
1.064928
1.079072
1.107783
1.128062
1.133156
1.123005
1.131831
1.115380
1.102307
1.115661
1.108885
1.110265
1.114426
1.084076
1.072902
1.059302
1.058287
1.077138
1.094803
1.115578
1.131246
1.151369
1.184212
1.196138
1.182472
1.179404
1.171564
1.128700
1.115152
1.109789
1.119122
1.093249
1.107884
1.096087
1.071957
1.056635
1.059397
1.057423
1.057336
1.082145
1.081064
1.091047
1.094144
1.097635
1.091278
1.089944
1.068494
1.029979
1.029013
1.054306
1.047404
1.085615
1.081021
1.081075
1.067561
1.073759
1.049680
1.084000
1.092305
1.092276
1.101716
1.096654
1.083724
1.074933
1.062856
1.057918
1.046146
1.034193
1.036239
1.053981
1.072185
1.107054
1.119191
1.115758
1.108704
1.107460
1.111318
1.095658
1.083896
1.084691
1.083960
1.063976
1.058752
1.077665
1.100543
1.072952
1.070417
1.072369
1.051560
1.037708
1.046775
1.072454
1.080909
1.110450
1.110598
1.107991
1.093401
1.106649
1.096970
1.118891
1.154269
1.158044
1.167791
1.266945
1.322626
1.330009
1.331496
1.323040
1.277534
1.205707
1.201513
1.192353
1.195837
1.184591
1.141469
1.117971
1.113497
1.094281
1.102205
1.122678
1.128375
1.141961
1.213572
1.257130
1.328842
1.449177
1.509122
1.561684
1.680786
1.783473
1.941685
2.012807
2.098721
2.307725
2.470795
2.424023
2.429735
2.416762
2.266634
1.854051
1.829507
1.784967
1.740696
1.749289
1.729083
1.623545
1.770304
2.003799
2.183801
2.851141
2.863863
2.847728
2.828158
2.792099
1.940426
1.855941
1.827700
1.793393
1.735152
1.704043
1.425898
1.395787
1.330857
1.789411
1.819336
2.174434
3.744327
3.777654
3.774386
3.774136
3.770731
2.519973
1.828447
1.557476
1.437249
1.379262
1.263158
1.227905
1.220329
1.190088
1.152993
1.148394
1.143419
1.082189
1.095665
1.101482
1.099066
1.106384
1.130508
1.123629
1.118194
1.148983
1.148097
1.124773
1.105120
1.112334
1.084919
1.082729
1.105195
1.127314
1.152055
1.157142
1.131457
1.135822
1.150700
1.126361
1.097536
1.101100
1.078397
1.077879
1.104534
1.144352
1.161912
1.157764
1.133926
1.107760
1.089419
1.047426
1.043685
1.051629
1.063902
1.055450
1.080114
1.105607
1.104030
1.118926
1.097140
1.094487
1.076126
1.068288
1.071778
1.089147
1.083371
1.077905
1.106559
1.083662
1.078419
1.084316
1.086108
1.050124
1.070224
1.096601
1.089874
1.088669
1.100213
1.085381
1.046462
1.052374
1.066439
1.073189
1.071959
1.072863
1.074703
1.068850
1.048699
1.067728
1.061831
1.054549
1.059138
1.073383
1.081746
1.089607
1.089023
1.104105
1.104205
1.103066
1.128628
1.134978
1.122115
1.126347
1.105109
1.091073
1.074664
1.052348
1.024980
1.043657
1.045242
1.049033
1.057731
1.091164
1.080344
1.086252
1.108680
1.112719
1.089443
1.086692
1.092462
1.058236
1.046946
1.024642
1.026153
1.037498
1.065867
1.081496
1.101498
1.129752
1.120882
1.114211
1.109187
1.098586
1.073736
1.076564
1.062479
1.049493
1.092856
1.120752
1.150713
1.170922
1.189959
1.195286
1.193773
1.156423
1.138711
1.129491
1.086756
1.049926
1.073812
1.102861
1.123755
1.148499
1.151578
1.187202
1.211168
1.243737
1.277070
1.280740
1.296261
1.341481
1.435163
1.420938
1.457571
2.730401
3.064245
3.234812
3.243210
3.247308
3.080392
2.626237
1.934974
1.670580
1.430892
1.313292
1.280062
1.308191
1.386787
1.436178
1.551769
1.665798
2.262980
2.618105
2.626534
2.633704
2.651628
2.561678
2.042943
2.078476
2.013668
1.759009
1.671751
1.491217
1.437072
1.590824
1.591753
1.607035
1.623330
1.885946
2.889028
2.883301
2.895472
2.898877
2.891162
1.733205
1.541003
1.425332
1.437115
1.979543
3.674184
3.673645
3.668100
3.675330
3.672522
2.656046
2.382863
2.191303
1.861750
1.528738
1.514479
1.505232
1.491309
1.488612
1.406324
1.317627
1.337348
1.309619
1.314657
1.280577
1.243970
1.194329
1.190104
1.155267
1.157443
1.144561
1.116972
1.137759
1.136547
1.137832
1.124507
1.121540
1.102651
1.093588
1.108242
1.145848
1.138784
1.131299
